10 22 3

0 198 145 241 236 163 158 104 201 176 
198 0 194 141 136 233 159 154 101 246 
145 194 0 211 138 132 229 176 151 247 
241 141 211 0 207 134 129 226 172 147 
236 136 138 207 0 204 150 227 222 169 
163 233 132 134 204 0 200 147 224 219 
158 159 229 129 150 200 0 149 143 240 
104 154 176 226 227 147 149 0 145 140 
201 101 151 172 222 224 143 145 0 142 
176 246 247 147 169 219 240 140 142 0 

0 191 186 161 108 103 199 126 121 116 
191 0 134 129 206 201 147 142 219 214 
186 134 0 227 174 149 246 241 187 162 
161 129 227 0 122 117 194 189 135 111 
108 206 174 122 0 167 162 239 234 180 
103 201 149 117 167 0 110 207 182 128 
199 147 246 194 162 110 0 155 130 227 
126 142 241 189 239 207 155 0 200 175 
121 219 187 135 234 182 130 200 0 143 
116 214 162 111 180 128 227 175 143 0 

304 0 4 269
526 0 4 387
365 0 4 504
435 0 1 304
470 0 1 336
309 0 1 454
328 1 2 471
402 1 2 324
408 2 3 279
574 2 3 397
321 2 3 464
526 3 4 437
561 3 4 470
400 3 4 272
436 3 4 305
471 3 4 422
419 4 0 289
352 4 0 492
387 4 0 524
422 4 0 292
496 4 0 410
335 4 0 442

3130

0 0 0
1 704 36
2 579 41
3 554 30
4 528 29
5 646 24
6 379 43
7 353 42
8 836 28
9 953 27
