10 20 5

0 192 139 236 182 157 104 200 147 224 
192 0 214 189 135 232 179 125 202 149 
139 214 0 114 210 157 234 180 127 223 
236 189 114 0 135 212 158 105 202 177 
182 135 210 135 0 137 233 208 155 102 
157 232 157 212 137 0 187 133 230 176 
104 179 234 158 233 187 0 208 155 231 
200 125 180 105 208 133 208 0 210 156 
147 202 127 202 155 230 155 210 0 231 
224 149 223 177 102 176 231 156 231 0 

0 216 162 157 104 181 127 224 171 146 
216 0 136 232 159 154 100 197 124 221 
162 136 0 185 132 229 156 150 247 194 
157 232 185 0 235 182 129 225 172 249 
104 159 132 235 0 107 102 179 125 222 
181 154 229 182 107 0 157 103 200 175 
127 100 156 129 102 157 0 226 153 100 
224 197 150 225 179 103 226 0 126 223 
171 124 247 172 125 200 153 126 0 128 
146 221 194 249 222 175 100 223 128 0 

495 0 6 368
293 0 6 399
326 0 6 462
344 6 7 478
377 6 7 259
323 6 7 289
506 7 8 378
452 7 8 328
485 7 8 358
466 7 8 341
499 7 8 372
406 8 9 286
387 8 9 316
421 8 9 299
366 8 9 499
400 8 9 280
381 8 9 480
414 8 9 293
360 8 9 494
297 9 0 435

3098

0 0 0
1 414 40
2 897 29
3 871 45
4 604 44
5 480 33
6 963 22
7 696 38
8 429 27
9 305 26
