10 25 5

0 161 108 233 180 126 101 198 145 140 
161 0 158 153 230 176 171 118 195 189 
108 158 0 154 149 226 173 168 114 191 
233 153 154 0 151 247 242 169 116 111 
180 230 149 151 0 147 244 239 166 112 
126 176 226 247 147 0 144 241 187 182 
101 171 173 242 244 144 0 160 237 184 
198 118 168 169 239 241 160 0 108 234 
145 195 114 116 166 187 237 108 0 105 
140 189 191 111 112 182 184 234 105 0 

0 154 130 226 221 148 143 239 234 161 
154 0 228 174 169 116 241 188 183 129 
130 228 0 123 118 214 209 136 131 227 
226 174 123 0 216 162 157 104 229 176 
221 169 118 216 0 111 105 202 177 124 
148 116 214 162 111 0 155 150 247 222 
143 241 209 157 105 155 0 249 195 190 
239 188 136 104 202 150 249 0 143 240 
234 183 131 229 177 247 195 143 0 188 
161 129 227 176 124 222 190 240 188 0 

350 0 8 277
292 0 8 480
403 0 8 332
434 0 8 450
295 0 8 483
406 0 9 335
470 0 9 368
411 1 9 391
272 1 9 424
383 1 9 311
414 1 9 344
444 1 0 462
305 1 0 494
369 1 0 526
399 1 0 328
430 1 0 361
452 2 0 384
313 2 0 322
335 8 1 526
366 8 1 378
396 8 1 411
418 9 1 349
449 9 1 466
343 9 1 499
373 9 1 301

3096

0 0 0
1 951 26
2 318 21
3 293 20
4 776 39
5 385 44
6 867 33
7 600 22
8 575 47
9 451 46
