20 27 3

0 240 187 182 128 205 200 147 122 218 165 160 237 183 178 125 202 196 143 240 
240 0 156 103 180 175 121 218 193 140 236 211 158 153 249 176 171 118 214 189 
187 156 0 154 101 246 192 168 114 211 186 133 229 224 151 248 242 189 116 111 
182 103 154 0 172 167 244 191 186 132 209 204 150 247 222 169 115 241 187 134 
128 180 101 172 0 170 165 112 107 184 130 125 222 149 144 240 187 162 108 205 
205 175 246 167 170 0 237 183 158 105 202 196 123 220 215 161 238 233 180 155 
200 121 192 244 165 237 0 235 230 176 123 248 195 141 136 213 160 154 101 178 
147 218 168 191 112 183 235 0 151 248 174 169 116 213 188 134 231 226 153 249 
122 193 114 186 107 158 230 151 0 149 246 241 187 114 109 206 152 127 224 171 
218 140 211 132 184 105 176 248 149 0 167 162 239 185 180 127 204 199 145 242 
165 236 186 209 130 202 123 174 246 167 0 213 160 107 102 178 125 120 217 143 
160 211 133 204 125 196 248 169 241 162 213 0 231 178 153 100 196 191 118 215 
237 158 229 150 222 123 195 116 187 239 160 231 0 249 224 171 118 243 189 136 
183 153 224 247 149 220 141 213 114 185 107 178 249 0 146 242 189 164 111 207 
178 249 151 222 144 215 136 188 109 180 102 153 224 146 0 164 240 187 182 129 
125 176 248 169 240 161 213 134 206 127 178 100 171 242 164 0 162 108 103 180 
202 171 242 115 187 238 160 231 152 204 125 196 118 189 240 162 0 180 155 101 
196 118 189 241 162 233 154 226 127 199 120 191 243 164 187 108 180 0 226 173 
143 214 116 187 108 180 101 153 224 145 217 118 189 111 182 103 155 226 0 244 
240 189 111 134 205 155 178 249 171 242 143 215 136 207 129 180 101 173 244 0 

0 132 127 204 199 145 120 217 212 158 133 230 225 172 147 243 238 165 160 107 
132 0 173 120 245 192 186 133 108 205 200 146 223 218 165 140 236 231 178 153 
127 173 0 166 113 108 185 179 126 223 198 144 139 236 211 158 153 229 224 171 
204 120 166 0 159 106 101 197 124 119 216 211 137 132 229 204 151 146 242 217 
199 245 113 159 0 124 249 196 190 137 112 209 204 150 125 222 169 144 240 235 
145 192 108 106 124 0 117 112 189 183 130 125 202 148 143 240 215 162 157 233 
120 186 185 101 249 117 0 110 105 201 177 123 118 215 141 136 233 208 155 150 
217 133 179 197 196 112 110 0 103 200 194 141 116 213 208 154 129 226 221 148 
212 108 126 124 190 189 105 103 0 116 193 187 134 129 206 201 147 122 219 214 
158 205 223 119 137 183 201 200 116 0 109 205 181 127 122 219 194 140 237 232 
133 200 198 216 112 130 177 194 193 109 0 102 198 193 120 217 212 158 133 230 
230 146 144 211 209 125 123 141 187 205 102 0 245 191 186 133 210 205 151 146 
225 223 139 137 204 202 118 116 134 181 198 245 0 209 184 131 126 223 198 144 
172 218 236 132 150 148 215 213 129 127 193 191 209 0 202 197 124 119 216 211 
147 165 211 229 125 143 141 208 206 122 120 186 184 202 0 195 190 137 112 209 
243 140 158 204 222 240 136 154 201 219 217 133 131 197 195 0 188 135 130 227 
238 236 153 151 169 215 233 129 147 194 212 210 126 124 190 188 0 201 128 123 
165 231 229 146 144 162 208 226 122 140 158 205 223 119 137 135 201 0 194 141 
160 178 224 242 240 157 155 221 219 237 133 151 198 216 112 130 128 194 0 187 
107 153 171 217 235 233 150 148 214 232 230 146 144 211 209 227 123 141 187 0 

876 8 9 823
699 9 10 709
522 10 11 1058
750 10 11 590
675 11 12 684
903 11 12 921
618 11 12 987
1012 12 13 1034
726 12 13 565
1022 12 13 802
817 13 14 659
880 13 14 725
1010 13 14 962
559 13 14 563
605 14 15 540
667 14 15 676
896 14 15 741
610 14 16 616
838 14 16 682
718 15 16 729
849 15 17 794
563 15 17 859
626 15 17 995
689 15 17 698
752 15 8 764
797 16 8 639
842 17 8 686

5864

0 0 0
1 314 20
2 530 49
3 405 44
4 888 43
5 863 42
6 837 31
7 472 26
8 446 45
9 662 24
10 296 39
11 779 38
12 754 28
13 487 23
14 363 42
15 846 41
16 820 30
17 696 35
18 429 24
19 403 23
