20 32 3

0 197 144 119 216 211 157 234 229 175 170 247 194 189 135 212 207 154 129 225 
197 0 142 239 185 180 107 204 198 145 120 217 163 139 182 128 200 243 165 208 
144 142 0 245 191 186 162 108 103 228 175 170 116 241 188 183 158 153 148 123 
119 239 245 0 179 126 101 198 241 114 158 104 229 176 123 248 194 141 136 213 
216 185 191 179 0 167 114 191 186 132 229 204 151 146 222 169 164 110 236 182 
211 180 186 126 167 0 214 160 107 232 179 125 120 197 192 139 235 210 157 152 
157 107 162 101 114 214 0 130 207 153 148 245 220 167 210 137 132 127 150 193 
234 204 108 198 191 160 130 0 147 243 238 185 111 106 203 198 125 221 216 163 
229 198 103 241 186 107 207 147 0 213 208 134 231 226 173 249 244 191 166 113 
175 145 228 114 132 232 153 243 213 0 109 104 201 147 122 219 166 141 237 232 
170 120 175 158 229 179 148 238 208 109 0 175 151 247 194 189 115 110 207 154 
247 217 170 104 204 125 245 185 134 104 175 0 222 217 163 240 235 182 177 103 
194 163 116 229 151 120 220 111 231 201 151 222 0 138 113 210 156 151 228 223 
189 139 241 176 146 197 167 106 226 147 247 217 138 0 184 179 126 203 198 144 
135 182 188 123 222 192 210 203 173 122 194 163 113 184 0 101 226 172 119 244 
212 128 183 248 169 139 137 198 249 219 189 240 210 179 101 0 147 142 219 165 
207 200 158 194 164 235 132 125 244 166 115 235 156 126 226 147 0 194 188 135 
154 243 153 141 110 210 127 221 191 141 110 182 151 203 172 142 194 0 110 105 
129 165 148 136 236 157 150 216 166 237 207 177 228 198 119 219 188 110 0 194 
225 208 123 213 182 152 193 163 113 232 154 103 223 144 244 165 135 105 194 0 

0 119 114 109 185 180 127 102 199 194 140 115 212 207 153 129 225 220 147 142 
119 0 208 155 150 227 222 168 163 240 235 182 157 103 248 195 170 117 111 208 
114 208 0 100 196 191 132 107 102 247 174 169 115 241 134 230 205 152 147 244 
109 155 100 0 232 179 173 149 245 240 187 162 108 103 180 175 122 117 193 188 
185 150 196 232 0 123 220 215 161 137 233 228 155 150 246 241 168 163 110 235 
180 227 191 179 123 0 165 111 106 203 178 124 119 216 191 138 133 209 204 151 
127 222 132 173 220 165 0 177 153 249 244 191 166 112 107 184 179 126 121 197 
102 168 107 149 215 111 177 0 219 194 141 135 232 207 154 149 245 220 167 162 
199 163 102 245 161 106 153 219 0 110 207 182 177 123 220 195 190 137 112 208 
194 240 247 240 137 203 249 194 110 0 151 248 223 170 165 111 236 183 178 125 
140 235 174 187 233 178 244 141 207 151 0 193 139 134 211 206 153 148 224 219 
115 182 169 162 228 124 191 135 182 248 193 0 186 181 127 122 199 194 141 116 
212 157 115 108 155 119 166 232 177 223 139 186 0 247 222 169 164 240 235 182 
207 103 241 103 150 216 112 207 123 170 134 181 247 0 138 215 210 157 151 127 
153 248 134 180 246 191 107 154 220 165 211 127 222 138 0 180 126 101 198 193 
129 195 230 175 241 138 184 149 195 111 206 122 169 215 180 0 173 168 244 239 
225 170 205 122 168 133 179 245 190 236 153 199 164 210 126 173 0 214 209 155 
220 117 152 117 163 209 126 220 137 183 148 194 240 157 101 168 214 0 105 100 
147 111 147 193 110 204 121 167 112 178 224 141 235 151 198 244 209 105 0 147 
142 208 244 188 235 151 197 162 208 125 219 116 182 127 193 239 155 100 147 0 

525 0 8 858
753 0 19 738
633 0 19 967
696 0 19 681
991 0 19 744
631 0 1 549
785 1 2 702
938 2 3 856
653 2 3 919
926 3 4 679
988 3 4 809
539 3 4 523
567 4 5 832
629 4 5 963
692 4 5 677
737 5 6 722
965 5 6 785
845 5 6 665
908 5 6 728
953 6 7 773
1015 6 7 1002
633 6 7 551
861 6 8 681
923 6 8 910
969 7 8 955
684 7 19 1018
747 7 19 566
809 7 19 795
592 7 19 858
655 7 0 988
700 8 0 966
745 19 0 1011

6802

0 0 0
1 924 44
2 292 49
3 266 48
4 749 37
5 866 32
6 599 31
7 574 20
8 958 45
9 424 44
10 907 43
11 783 29
12 516 28
13 490 47
14 973 46
15 849 31
16 582 30
17 556 39
18 432 24
19 915 44
