20 33 3

0 108 103 200 146 121 218 165 140 236 231 178 105 100 196 143 118 215 161 156 
108 0 174 150 246 193 188 134 211 206 153 249 224 171 117 243 189 136 131 208 
103 174 0 221 167 162 109 186 181 127 224 199 146 242 217 164 111 105 182 129 
200 150 221 0 239 234 160 107 102 199 125 120 217 163 139 235 182 157 104 200 
146 246 167 239 0 135 232 178 173 100 197 192 138 113 210 157 132 228 175 170 
121 193 162 234 135 0 153 148 225 171 166 113 190 185 131 228 203 150 246 221 
218 188 109 160 232 153 0 151 146 243 189 164 111 208 202 129 226 221 167 244 
165 134 186 107 178 148 151 0 217 164 139 236 182 177 104 201 196 142 219 214 
140 211 181 102 173 225 146 217 0 216 210 157 104 229 175 122 117 194 140 135 
236 206 127 199 100 171 243 164 216 0 132 228 155 150 247 242 168 115 110 206 
231 153 224 125 197 166 189 139 210 132 0 130 125 221 168 143 240 186 181 108 
178 249 199 120 192 113 164 236 157 228 130 0 196 191 118 214 209 156 233 228 
105 224 146 217 138 190 111 182 104 155 125 196 0 194 189 136 232 207 154 101 
100 171 242 163 113 185 208 177 229 150 221 191 194 0 110 105 182 129 124 220 
196 117 217 139 210 131 202 104 175 247 168 118 189 110 0 157 103 200 195 122 
143 243 164 235 157 228 129 201 122 242 143 214 136 105 157 0 175 121 246 193 
118 189 111 182 132 203 226 196 117 168 240 209 232 182 103 175 0 173 168 114 
215 136 105 157 228 150 221 142 194 115 186 156 207 129 200 121 173 0 239 186 
161 131 182 104 175 246 167 219 140 110 181 233 154 124 195 246 168 239 0 237 
156 208 129 200 170 221 244 214 135 206 108 228 101 220 122 193 114 186 237 0 

0 235 230 176 152 248 243 190 165 111 106 203 178 125 120 196 143 138 234 210 
235 0 126 223 218 164 241 236 183 178 104 249 196 171 118 113 209 184 131 126 
230 126 0 139 216 211 157 152 229 224 171 146 242 189 184 111 106 202 197 124 
176 223 139 0 132 229 204 150 145 242 217 164 159 235 230 177 124 249 195 190 
152 218 216 132 0 125 120 217 143 138 235 210 157 152 248 223 170 165 111 188 
248 164 211 229 125 0 118 215 210 156 131 228 223 150 145 241 236 163 158 105 
243 241 157 204 120 118 0 131 106 203 198 124 119 216 211 138 133 229 204 151 
190 236 152 150 217 215 131 0 124 249 196 191 137 112 209 204 150 126 222 217 
165 183 229 145 143 210 106 124 0 165 112 237 184 179 125 100 197 192 119 215 
111 178 224 242 138 156 203 249 165 0 158 105 100 177 172 118 243 190 185 131 
106 104 171 217 235 131 198 196 112 158 0 151 146 243 218 165 111 106 183 178 
203 249 146 164 210 228 124 191 237 105 151 0 164 139 236 231 158 153 249 244 
178 196 242 159 157 223 119 137 184 100 146 164 0 157 132 229 224 219 146 242 
125 171 189 235 152 150 216 112 179 177 243 139 157 0 199 145 120 217 164 158 
120 118 184 230 248 145 211 209 125 172 218 236 132 199 0 192 138 133 210 205 
196 113 111 177 223 241 138 204 100 118 165 231 229 145 192 0 185 131 126 223 
143 209 106 124 170 236 133 150 197 243 111 158 224 120 138 185 0 198 173 119 
138 184 202 249 165 163 229 126 192 190 106 153 219 217 133 131 198 0 191 185 
234 131 197 195 111 158 204 222 119 185 183 249 146 164 210 126 173 191 0 232 
210 126 124 190 188 105 151 217 215 131 178 244 242 158 205 223 119 185 232 0 

848 0 9 697
981 0 1 1004
702 0 1 713
925 0 1 946
550 0 1 1010
935 0 2 719
818 1 2 765
538 1 2 829
583 2 3 875
806 2 3 584
605 3 4 613
828 3 4 677
956 3 4 741
1000 4 5 787
559 4 5 920
621 4 5 629
989 5 6 943
871 5 6 653
933 5 6 954
654 5 6 1018
536 6 7 541
598 6 7 605
821 6 7 669
948 6 8 901
507 6 8 965
552 7 8 843
613 7 9 621
675 7 9 685
898 7 9 749
959 7 9 813
584 7 0 877
629 8 0 923
511 9 0 969

7282

0 0 0
1 956 25
2 930 24
3 298 29
4 781 48
5 996 23
6 872 42
7 605 41
8 338 30
9 697 35
10 430 24
11 913 44
12 887 39
13 522 28
14 496 27
15 979 46
16 855 41
17 829 20
18 804 39
19 537 25
