20 48 5

0 244 171 117 112 209 136 131 227 202 149 246 240 167 162 109 205 181 127 224 
244 0 140 237 212 159 154 100 177 172 119 215 190 137 132 228 155 150 247 222 
171 140 0 235 182 128 123 200 147 142 238 213 160 106 232 178 125 120 197 191 
117 237 235 0 103 248 175 170 116 213 188 135 129 206 153 148 244 171 166 113 
112 212 182 103 0 198 144 241 216 163 109 104 181 176 123 219 194 141 136 232 
209 159 128 248 198 0 114 191 137 132 229 156 151 247 242 169 116 110 207 182 
136 154 123 175 144 114 0 160 107 102 179 125 120 217 192 139 235 210 157 152 
131 100 200 170 241 191 160 0 227 153 148 245 220 167 113 108 185 132 126 223 
227 177 147 116 216 137 107 227 0 123 118 195 141 136 233 160 155 101 246 173 
202 172 142 213 163 132 102 153 123 0 169 164 111 208 183 129 226 221 148 143 
149 119 238 188 109 229 179 148 118 169 0 236 231 157 104 249 195 122 117 214 
246 215 213 135 104 156 125 245 195 164 236 0 132 127 224 170 145 242 237 164 
240 190 160 129 181 151 120 220 141 111 231 132 0 198 173 120 217 212 138 133 
167 137 106 206 176 247 217 167 136 208 157 127 198 0 143 240 186 161 108 103 
162 132 232 153 123 242 192 113 233 183 104 224 173 143 0 209 136 233 228 174 
109 228 178 148 219 169 139 108 160 129 249 170 120 240 209 0 106 202 177 124 
205 155 125 244 194 116 235 185 155 226 195 145 217 186 136 106 0 152 249 244 
181 150 120 171 141 110 210 132 101 221 122 242 212 161 233 202 152 0 218 165 
127 247 197 166 136 207 157 126 246 148 117 237 138 108 228 177 249 218 0 115 
224 222 191 113 232 182 152 223 173 143 214 164 133 103 174 124 244 165 115 0 

0 137 214 209 204 131 126 222 217 144 139 236 211 157 152 249 224 171 165 112 
137 0 179 154 149 245 220 167 162 109 234 180 175 122 247 194 188 115 110 207 
214 179 0 118 195 190 137 132 208 203 150 125 120 217 211 138 133 230 205 152 
209 154 118 0 160 106 231 178 173 100 245 191 186 161 108 103 180 175 121 116 
204 149 195 160 0 201 148 123 219 214 161 136 233 227 154 149 246 241 168 162 
131 245 190 106 201 0 242 189 164 111 106 202 177 124 119 215 191 137 132 209 
126 220 137 231 148 242 0 134 230 225 152 147 244 219 165 160 107 232 179 173 
222 167 132 178 123 189 134 0 175 122 117 193 212 207 134 129 124 201 196 191 
217 162 208 173 219 164 230 175 0 211 205 152 147 224 219 165 140 237 130 227 
144 109 203 100 214 111 225 122 211 0 199 145 140 237 212 158 153 230 225 172 
139 234 150 245 161 106 152 117 205 199 0 240 186 181 128 103 200 195 141 116 
236 180 125 191 136 202 147 193 152 145 240 0 151 228 223 169 144 241 236 183 
211 175 120 186 233 177 244 212 147 140 186 151 0 192 119 114 211 206 132 127 
157 122 217 161 227 124 219 207 224 237 181 228 192 0 234 180 155 102 247 174 
152 247 211 108 154 119 165 134 219 212 128 223 119 234 0 125 222 197 143 138 
249 194 138 103 149 215 160 129 165 158 103 169 114 180 125 0 166 113 238 185 
224 188 133 180 246 191 107 124 140 153 200 144 211 155 222 166 0 208 154 149 
171 115 230 175 241 137 232 201 237 230 195 241 206 102 197 113 208 0 249 196 
165 110 205 121 168 132 179 196 130 225 141 236 132 247 143 238 154 249 0 140 
112 207 152 116 162 209 173 191 227 172 116 183 127 174 138 185 149 196 140 0 

981 0 8 772
862 0 19 647
580 0 19 885
642 0 19 658
528 0 1 901
754 0 1 776
539 0 1 842
601 0 1 977
663 0 2 1043
871 1 2 727
933 1 2 965
651 1 3 1030
696 2 3 543
758 2 3 608
820 2 4 673
949 2 4 911
994 3 4 786
875 3 5 661
937 3 5 899
1000 3 5 1035
717 3 5 565
599 4 6 612
824 4 6 678
886 4 6 743
1015 4 7 808
569 4 7 582
795 4 7 647
857 4 8 712
902 5 8 760
964 5 8 825
585 5 8 891
647 5 19 593
710 5 19 729
918 5 19 878
636 5 0 1014
698 5 0 544
760 5 0 782
805 6 1 657
867 6 1 895
912 7 1 770
533 7 2 835
511 8 2 882
640 8 2 585
702 8 2 721
747 19 3 596
809 19 3 833
526 19 3 899
589 19 4 964

7346

0 0 0
1 944 25
2 918 23
3 384 28
4 769 48
5 984 46
6 959 42
7 593 31
8 568 30
9 784 29
10 418 24
11 392 43
12 875 42
13 751 27
14 484 47
15 967 46
16 942 35
17 817 40
18 792 39
19 525 28
