20 39 5

0 186 132 107 204 199 126 121 217 164 139 235 182 177 104 200 195 142 219 214 
186 0 232 227 173 100 245 192 138 114 210 157 152 228 223 170 117 242 188 135 
132 232 0 148 225 220 166 113 238 185 131 126 203 150 145 241 168 163 110 206 
107 227 148 0 146 141 238 165 160 106 203 178 124 221 216 143 239 234 181 108 
204 173 225 146 0 212 139 236 231 177 153 249 196 191 118 214 209 156 232 227 
199 100 220 141 212 0 211 157 152 229 176 170 117 194 189 135 232 207 154 149 
126 245 166 238 139 211 0 229 204 150 247 242 169 115 110 207 182 128 225 220 
121 192 113 165 236 157 229 0 125 222 216 143 138 235 181 157 103 200 195 122 
217 138 238 160 231 152 204 125 0 143 118 215 161 156 233 180 174 121 198 193 
164 114 185 106 177 229 150 222 143 0 189 136 131 208 154 149 246 173 168 114 
139 210 131 203 153 176 247 216 118 189 0 207 182 129 226 220 147 244 239 185 
235 157 126 178 249 170 242 143 215 136 207 0 104 200 147 122 219 214 160 237 
182 152 203 124 196 117 169 138 161 131 182 104 0 122 218 193 140 237 212 158 
177 228 150 221 191 194 115 235 156 208 129 200 122 0 120 115 211 186 133 230 
104 223 145 216 118 189 110 181 233 154 226 147 218 120 0 186 161 108 204 199 
200 170 241 143 214 135 207 157 180 149 220 122 193 115 186 0 232 179 174 101 
195 117 168 239 209 232 182 103 174 246 147 219 140 211 161 232 0 100 225 172 
142 242 163 234 156 207 128 200 121 173 244 214 237 186 108 179 100 0 248 243 
219 188 110 181 232 154 225 195 198 168 239 160 212 133 204 174 225 248 0 165 
214 135 206 108 227 149 220 122 193 114 185 237 158 230 199 101 172 243 165 0 

0 162 137 234 229 176 151 247 242 169 164 111 105 182 177 124 249 196 190 137 
162 0 204 150 125 222 217 144 139 235 230 157 152 248 224 170 165 112 237 183 
137 204 0 197 192 118 113 210 205 132 228 223 170 145 242 236 212 158 153 100 
234 150 197 0 238 185 180 106 203 198 144 120 216 211 138 133 128 224 151 146 
229 125 192 238 0 231 178 173 119 244 191 186 113 108 204 199 126 121 217 193 
176 222 118 185 231 0 244 219 166 160 237 232 179 125 101 197 192 139 114 210 
151 217 113 180 178 244 0 237 212 159 154 100 225 172 167 113 239 185 180 107 
247 144 210 106 173 219 237 0 128 225 200 147 141 238 213 160 155 232 226 173 
242 139 205 203 119 166 212 128 0 121 218 213 188 135 129 206 201 148 143 220 
169 235 132 198 244 160 159 225 121 0 114 109 206 181 128 122 219 194 141 136 
164 230 228 144 191 237 154 200 218 114 0 156 102 247 194 169 116 110 207 182 
111 157 223 120 186 232 100 147 213 109 156 0 168 144 240 235 182 157 103 248 
105 152 170 216 113 179 225 141 188 206 102 168 0 162 156 233 228 175 150 246 
182 248 145 211 108 125 172 238 135 181 247 144 162 0 203 149 125 221 216 163 
177 224 242 138 204 101 167 213 129 128 194 240 156 203 0 196 142 137 214 209 
124 170 236 133 199 197 113 160 206 122 169 235 233 149 196 0 189 184 130 125 
249 165 212 128 126 192 239 155 201 219 116 182 228 125 142 189 0 100 177 123 
196 112 158 224 121 139 185 232 148 194 110 157 175 221 137 184 100 0 243 190 
190 237 153 151 217 114 180 226 143 141 207 103 150 216 214 130 177 243 0 236 
137 183 100 146 193 210 107 173 220 136 182 248 246 163 209 125 123 190 236 0 

842 0 11 815
721 0 12 530
934 11 12 673
997 11 12 968
709 11 13 518
922 12 13 728
985 12 13 791
529 12 14 854
593 12 14 568
806 13 14 614
869 13 15 842
1001 13 15 905
713 13 15 522
776 13 15 584
822 14 16 630
885 14 16 692
949 14 16 755
828 14 17 635
959 14 17 698
1023 14 17 926
734 14 18 543
613 15 18 588
844 15 18 651
907 15 18 714
971 15 19 777
583 15 19 840
647 15 19 622
877 15 0 685
941 15 0 747
1005 15 0 810
531 16 0 855
929 17 11 901
542 17 11 964
669 18 12 991
732 18 12 706
796 18 12 769
841 19 13 649
973 19 13 877
685 19 13 940

6939

0 0 0
1 314 25
2 940 24
3 914 23
4 889 48
5 256 47
6 739 37
7 713 36
8 348 21
9 563 30
10 538 49
11 922 44
12 897 33
13 630 32
14 363 22
15 988 47
16 721 36
17 937 45
18 813 40
19 546 29
