20 34 5

0 124 220 167 142 239 185 160 107 204 198 125 222 217 163 139 235 182 177 103 
124 0 142 117 213 160 135 232 178 173 100 197 191 138 215 210 156 103 228 175 
220 142 0 188 135 231 206 153 100 225 171 118 113 190 136 131 228 155 149 246 
167 117 188 0 206 133 128 224 171 146 243 189 164 111 208 202 129 226 221 167 
142 213 135 206 0 204 199 146 222 217 164 110 236 182 129 104 201 147 142 219 
239 160 231 133 204 0 222 197 144 240 235 162 109 104 200 127 122 218 165 140 
185 135 206 128 199 222 0 118 215 162 137 233 180 175 102 198 193 140 217 211 
160 232 153 224 146 197 118 0 136 233 208 155 101 226 173 120 114 191 138 133 
107 178 100 171 222 144 215 136 0 134 231 226 173 249 244 191 166 113 209 204 
204 173 225 146 217 240 162 233 134 0 152 147 224 171 166 112 237 184 130 106 
198 100 171 243 164 235 137 208 231 152 0 199 194 140 237 212 159 153 230 177 
125 197 118 189 110 162 233 155 226 147 199 0 115 240 187 182 128 205 200 147 
222 191 113 164 236 109 180 101 173 224 194 115 0 161 156 103 228 175 121 116 
217 138 190 111 182 104 175 226 249 171 140 240 161 0 228 203 149 144 241 168 
163 215 136 208 129 200 102 173 244 166 237 187 156 228 0 124 119 216 191 137 
139 210 131 202 104 127 198 120 191 112 212 182 103 203 124 0 190 165 112 107 
235 156 228 129 201 122 193 114 166 237 159 128 228 149 119 190 0 135 232 158 
182 103 155 226 147 218 140 191 113 184 153 205 175 144 216 165 135 0 133 128 
177 228 149 221 142 165 217 138 209 130 230 200 121 241 191 112 232 133 0 248 
103 175 246 167 219 140 211 133 204 106 177 147 116 168 137 107 158 128 248 0 

0 100 197 172 167 114 109 185 180 127 102 199 194 140 115 212 207 153 129 225 
100 0 142 238 233 160 155 150 227 222 168 163 240 235 181 157 103 248 195 170 
197 142 0 183 130 125 201 196 143 138 215 210 156 131 228 223 169 145 241 236 
172 238 183 0 224 171 166 113 238 184 179 106 101 198 192 119 114 211 186 133 
167 233 130 224 0 116 212 207 154 129 226 221 167 142 239 234 161 156 102 247 
114 160 125 171 116 0 129 104 200 195 142 117 214 208 135 130 227 222 149 143 
109 155 201 166 212 129 0 170 117 242 188 183 158 105 100 196 123 118 215 190 
185 150 196 113 207 104 170 0 211 158 133 230 225 171 146 243 238 165 159 106 
180 227 143 238 154 200 117 211 0 204 199 146 121 218 212 139 134 231 226 153 
127 222 138 184 129 195 242 158 204 0 246 241 187 162 109 104 200 176 122 117 
102 168 215 179 226 142 188 133 199 246 0 137 234 228 175 150 247 242 169 163 
199 163 210 106 221 117 183 230 146 241 137 0 178 125 120 216 192 138 133 230 
194 240 156 101 167 214 158 225 121 187 234 178 0 191 166 161 108 233 180 174 
140 235 131 198 142 208 105 171 218 162 228 125 191 0 232 208 154 149 246 221 
115 181 228 192 239 135 100 146 212 109 175 120 166 232 0 124 119 196 142 137 
212 157 223 119 234 130 196 243 139 104 150 216 161 208 124 0 165 112 237 184 
207 103 169 114 161 227 123 238 134 200 247 192 108 154 119 165 0 158 153 100 
153 248 145 211 156 222 118 165 231 176 242 138 233 149 196 112 158 0 200 194 
129 195 241 186 102 149 215 159 226 122 169 133 180 246 142 237 153 200 0 241 
225 170 236 133 247 143 190 106 153 117 163 230 174 221 137 184 100 194 241 0 

533 0 7 957
922 0 18 675
640 0 18 967
865 0 18 686
927 0 18 748
646 0 19 973
708 0 19 528
836 0 19 753
881 1 0 635
515 2 0 843
904 3 0 887
948 4 1 769
1010 4 1 994
548 5 1 876
677 5 2 594
655 6 2 982
784 6 2 537
665 6 3 926
547 7 3 971
772 7 3 592
834 7 4 654
896 7 4 716
941 18 4 761
1003 18 5 823
625 18 5 541
687 18 5 603
912 18 5 732
793 19 6 777
512 19 6 839
574 19 6 901
636 19 7 963
764 19 7 681
826 19 7 810
527 19 18 788

6826

0 0 0
1 855 47
2 973 46
3 947 25
4 680 40
5 797 39
6 530 38
7 505 27
8 889 22
9 597 21
10 330 20
11 955 36
12 688 35
13 663 24
14 396 49
15 780 38
16 755 37
17 729 36
18 605 31
19 338 21
