5 24 4

0 108 122 185 141 
108 0 122 102 109 
122 122 0 240 240 
185 102 240 0 232 
141 109 240 232 0 

0 154 200 101 190 
154 0 192 171 131 
200 192 0 139 217 
101 171 139 0 208 
190 131 217 208 0 

201 0 2 256
205 0 2 226
156 0 2 134
146 0 2 235
158 0 2 154
148 0 2 227
204 0 2 208
150 0 2 240
163 0 2 239
199 0 2 167
183 0 2 148
129 0 2 136
197 1 2 244
218 1 2 166
185 1 2 195
111 1 2 228
118 1 2 133
220 1 2 237
169 1 2 221
214 1 2 202
207 1 2 152
208 1 2 223
119 1 2 249
170 1 2 240

1759

0 0 0
1 665 48
2 898 38
3 884 36
4 591 28