5 29 3

0 119 142 232 133 
119 0 233 173 185 
142 233 0 221 193 
232 173 221 0 131 
133 185 193 131 0 

0 149 124 135 119 
149 0 215 107 209 
124 215 0 206 126 
135 107 206 0 165 
119 209 126 165 0 

144 0 1 171
220 0 1 130
142 0 1 194
246 0 1 122
258 0 1 133
214 0 1 229
261 0 1 167
142 0 1 178
171 0 1 189
134 0 1 171
242 0 1 134
151 0 1 123
139 0 1 127
240 0 1 205
227 1 4 161
246 1 4 163
203 1 4 139
255 1 4 155
191 1 4 159
258 1 4 158
142 1 4 220
157 1 4 129
225 1 4 191
178 1 4 148
131 1 4 210
233 1 4 230
151 1 4 139
139 1 4 201
155 1 4 232

1334

0 0 0
1 424 28
2 705 39
3 310 36
4 930 41