5 10 3

0 172 207 131 146 
172 0 156 191 175 
207 156 0 236 101 
131 191 236 0 248 
146 175 101 248 0 

0 192 132 119 127 
192 0 227 163 170 
132 227 0 199 206 
119 163 199 0 210 
127 170 206 210 0 

185 2 3 137
264 3 4 217
195 3 4 165
252 3 4 205
198 3 4 168
161 3 4 148
205 3 4 157
232 3 4 220
160 3 4 165
154 3 4 159

1646

0 0 0
1 681 33
2 551 31
3 848 32
4 915 31