5 16 4

0 177 208 148 226 
177 0 228 148 226 
208 228 0 204 183 
148 148 204 0 129 
226 226 183 129 0 

0 162 157 222 126 
162 0 245 166 196 
157 245 0 129 101 
222 166 129 0 235 
126 196 101 235 0 

207 2 3 234
243 2 3 179
239 2 3 237
256 2 3 156
290 3 4 151
171 3 4 213
264 3 4 163
166 3 4 226
227 3 4 244
212 3 4 248
274 3 4 188
248 3 4 149
217 3 4 253
247 3 4 165
157 3 4 201
290 3 4 175

1808

0 0 0
1 822 28
2 926 40
3 538 42
4 998 23