5 47 4

0 130 204 235 175 
130 0 224 184 163 
204 224 0 216 208 
235 184 216 0 121 
175 163 208 121 0 

0 215 222 114 216 
215 0 182 224 137 
222 182 0 184 247 
114 224 184 0 136 
216 137 247 136 0 

273 0 2 202
291 0 2 248
296 0 2 148
212 0 2 232
246 0 2 188
260 0 2 276
294 0 2 270
174 0 2 216
188 0 2 172
234 0 2 234
289 0 2 247
303 0 2 278
183 0 2 205
237 0 2 199
251 0 2 249
192 0 2 262
165 0 2 189
178 0 2 182
253 0 2 251
174 0 2 264
168 0 2 172
222 0 2 260
155 0 2 209
234 0 2 177
199 0 2 250
278 0 2 237
203 0 2 272
262 0 2 203
246 0 1 263
174 0 1 264
176 0 1 266
255 0 1 234
180 0 1 183
204 0 1 235
166 1 2 257
228 1 2 172
246 1 2 170
232 1 2 213
197 1 2 200
203 1 2 254
242 1 2 203
207 1 2 257
172 1 2 188
158 1 2 182
184 1 2 236
243 1 2 223
188 1 2 277

1214

0 0 0
1 307 33
2 826 39
3 307 32
4 731 38