8 22 4

0 242 135 178 181 204 227 120 
242 0 138 102 105 239 183 206 
135 138 0 160 183 147 150 225 
178 102 160 0 111 205 169 192 
181 105 183 111 0 153 156 120 
204 239 147 205 153 0 215 198 
227 183 150 169 156 215 0 178 
120 206 225 192 120 198 178 0 

0 207 170 185 240 215 100 115 
207 0 239 124 139 213 137 152 
170 239 0 239 164 238 182 216 
185 124 239 0 228 243 226 131 
240 139 164 228 0 236 161 176 
215 213 238 243 236 0 198 161 
100 137 182 226 161 198 0 127 
115 152 216 131 176 161 127 0 

288 4 5 292
253 5 6 366
290 5 6 466
326 5 6 272
243 5 6 417
271 6 7 348
302 6 7 240
390 6 7 272
242 6 7 269
232 6 7 368
378 6 7 444
230 6 7 348
357 7 4 360
429 7 4 405
368 7 4 371
428 7 4 250
355 7 4 345
333 7 4 426
393 7 4 306
309 7 4 401
294 7 4 434
319 7 4 400

2377

0 0 0
1 374 45
2 424 44
3 823 37
4 620 33
5 664 48
6 867 46
7 656 49