8 25 4

0 165 211 123 166 189 102 105 
165 0 182 245 118 180 203 246 
211 182 0 177 219 132 116 237 
123 245 177 0 191 233 126 189 
166 118 219 191 0 185 248 101 
189 180 132 233 185 0 199 242 
102 203 116 126 248 199 0 115 
105 246 237 189 101 242 115 0 

0 218 178 232 216 160 182 186 
218 0 104 107 241 224 188 210 
178 104 0 176 179 123 145 168 
232 107 176 0 203 207 131 244 
216 241 179 203 0 192 195 159 
160 224 123 207 192 0 212 176 
182 188 145 131 195 212 0 149 
186 210 168 244 159 176 149 0 

326 0 5 461
207 0 5 431
319 0 5 237
394 0 5 277
346 5 6 299
342 5 6 265
245 5 6 415
389 5 6 350
215 6 7 410
269 6 7 302
245 6 7 446
290 6 7 265
334 6 7 348
206 6 7 400
355 6 7 341
221 7 0 386
344 7 0 389
283 7 0 459
353 7 0 339
225 7 0 250
227 7 0 253
324 7 0 459
353 7 0 339
251 7 0 452
348 7 0 333

2270

0 0 0
1 506 40
2 912 31
3 387 38
4 961 45
5 494 28
6 324 25
7 656 33