8 50 3

0 139 134 185 216 207 147 119 
139 0 160 112 175 206 158 129 
134 160 0 135 237 228 219 211 
185 112 135 0 168 120 112 233 
216 175 237 168 0 182 174 145 
207 206 228 120 182 0 176 168 
147 158 219 112 174 176 0 151 
119 129 211 233 145 168 151 0 

0 211 158 221 172 195 127 150 
211 0 246 139 201 244 136 159 
158 246 0 167 210 102 145 207 
221 139 167 0 128 111 193 106 
172 201 210 128 0 199 222 115 
195 244 102 111 199 0 140 112 
127 136 145 193 222 140 0 199 
150 159 207 106 115 112 199 0 

224 0 3 296
311 0 3 270
238 0 3 381
269 0 3 257
380 0 3 254
245 0 3 333
242 0 3 385
325 0 3 228
322 0 3 225
250 0 3 338
246 0 3 236
226 0 3 343
395 0 3 323
420 0 3 320
314 0 3 328
426 0 3 353
423 0 3 350
236 0 3 324
319 0 3 222
430 0 3 357
238 0 3 381
292 0 3 279
397 1 3 270
291 1 3 405
374 1 3 220
313 1 3 245
368 1 3 297
336 1 3 239
333 1 3 236
330 1 3 288
327 1 3 230
266 1 3 409
292 1 0 252
237 1 0 226
348 1 0 223
242 1 0 259
382 1 0 338
304 1 0 209
416 1 0 217
396 1 0 351
318 1 0 249
298 1 0 367
306 1 0 320
286 1 0 218
294 1 0 254
274 1 0 234
350 2 0 335
272 2 0 387
291 3 0 224
432 3 0 331

2718

0 0 0
1 831 35
2 828 32
3 682 37
4 441 26
5 426 24
6 949 41
7 911 42