8 55 4

0 206 174 173 224 211 112 210 
206 0 128 167 178 197 248 204 
174 128 0 241 169 109 159 139 
173 167 241 0 218 198 217 118 
224 178 169 218 0 236 216 175 
211 197 109 198 236 0 182 162 
112 248 159 217 216 182 0 212 
210 204 139 118 175 162 212 0 

0 192 131 170 130 219 147 146 
192 0 207 214 134 133 183 214 
131 207 0 151 229 208 148 100 
170 214 151 0 249 177 105 164 
130 134 229 249 0 197 236 203 
219 133 208 177 197 0 145 113 
147 183 148 105 236 145 0 141 
146 214 100 164 203 113 141 0 

369 4 5 246
235 4 5 410
352 4 5 248
406 5 6 325
451 5 6 394
378 5 6 411
355 5 6 408
358 5 6 253
391 5 6 368
307 5 6 262
303 5 6 259
453 5 6 239
357 6 7 292
292 6 7 277
338 6 7 346
352 6 7 416
367 6 7 261
313 6 7 223
414 6 7 416
257 6 7 290
431 6 7 292
336 6 7 289
461 6 7 240
408 6 7 282
263 6 7 234
413 6 7 387
268 6 7 384
375 6 7 297
377 6 7 383
400 7 4 348
249 7 4 322
338 7 4 419
414 7 4 248
292 7 4 350
245 7 4 419
414 7 4 276
257 7 4 368
339 7 4 235
274 7 4 260
270 7 4 313
346 7 4 326
343 7 4 306
425 7 4 213
249 7 4 339
325 7 4 279
414 7 4 242
312 7 4 239
407 7 4 297
360 7 4 384
455 7 4 240
359 7 4 282
362 7 4 397
389 7 4 365
453 7 4 311
345 7 4 325

2974

0 0 0
1 612 32
2 853 44
3 701 44
4 907 30
5 784 34
6 736 32
7 996 21