8 101 4

0 235 211 222 103 154 204 105 
235 0 107 248 181 152 235 226 
211 107 0 133 235 187 158 110 
222 248 133 0 249 162 153 235 
103 181 235 249 0 176 187 100 
154 152 187 162 176 0 163 115 
204 235 158 153 187 163 0 200 
105 226 110 235 100 115 200 0 

0 126 248 120 222 245 177 148 
126 0 213 184 207 139 202 134 
248 213 0 213 145 188 210 182 
120 184 213 0 142 244 196 128 
222 207 145 142 0 229 181 223 
245 139 188 244 229 0 225 118 
177 202 210 196 181 225 0 221 
148 134 182 128 223 118 221 0 

407 0 7 423
349 0 7 292
307 0 7 243
330 0 7 352
349 0 7 437
297 0 7 376
397 0 7 253
334 0 7 451
325 0 7 472
268 0 7 437
341 0 7 345
235 0 7 461
335 0 7 452
326 0 7 442
318 0 7 432
309 0 7 422
328 0 7 475
211 0 7 276
365 0 7 342
232 0 7 426
250 0 7 385
296 0 7 438
315 0 7 252
387 0 7 305
379 0 7 295
219 0 7 411
292 0 7 401
310 0 7 278
356 0 7 476
325 1 7 440
273 1 7 443
292 1 7 307
219 1 7 461
264 1 7 337
369 1 7 271
269 1 7 343
222 1 7 289
328 1 7 286
379 1 7 264
224 1 7 405
303 1 7 465
283 1 7 442
335 1 7 357
342 1 7 335
215 1 7 331
239 1 7 454
317 1 7 243
396 1 7 334
295 1 7 280
347 1 7 434
300 1 7 380
405 1 7 345
278 1 7 468
302 1 7 464
327 1 7 316
307 1 7 294
386 1 7 385
339 1 7 331
363 1 7 359
209 1 7 243
287 1 7 239
386 2 7 386
340 2 7 427
391 2 7 297
318 2 7 338
241 2 7 393
320 2 0 434
398 2 0 368
298 2 0 427
403 2 0 436
357 2 0 383
381 2 0 411
334 2 0 420
234 2 0 354
258 2 0 413
310 2 0 297
236 2 0 419
260 2 0 302
366 2 0 425
238 2 0 453
209 2 0 305
260 2 0 446
284 2 0 267
238 2 0 420
289 2 0 272
394 2 0 395
240 2 0 391
264 2 0 451
234 2 0 447
258 2 0 476
212 2 0 359
263 2 0 274
368 2 0 396
214 2 0 361
211 2 0 245
235 2 0 386
259 2 0 414
358 7 0 385
285 7 0 476
336 7 0 359
263 7 0 337

2616

0 0 0
1 888 32
2 777 43
3 760 28
4 501 20
5 806 48
6 747 47
7 466 31