10 18 3

0 240 216 162 109 104 180 127 122 219 
240 0 135 232 159 154 100 225 172 118 
216 135 0 132 228 203 150 247 242 168 
162 232 132 0 128 225 200 147 141 238 
109 159 228 128 0 125 120 216 143 138 
104 154 203 225 125 0 121 116 213 188 
180 100 150 200 120 121 0 166 113 209 
127 225 247 147 216 116 166 0 163 109 
122 172 242 141 143 213 113 163 0 159 
219 118 168 238 138 188 209 109 159 0 

0 228 207 163 110 131 182 138 119 196 
228 0 133 209 149 161 117 206 162 135 
207 133 0 148 225 194 146 243 238 169 
163 209 148 0 134 210 180 162 147 224 
110 149 225 134 0 120 135 208 138 133 
131 161 194 210 120 0 136 121 193 193 
182 117 146 180 135 136 0 181 137 200 
138 206 243 162 208 121 181 0 167 113 
119 162 238 147 138 193 137 167 0 152 
196 135 169 224 133 193 200 113 152 0 

384 0 6 313
406 0 6 337
289 6 7 300
403 6 7 422
485 7 8 474
342 7 8 321
457 7 8 391
382 8 9 550
413 8 9 433
353 8 9 280
384 8 9 314
416 8 9 347
287 9 0 298
401 9 0 332
433 9 0 365
498 9 0 399
272 9 0 521
469 9 0 405

2732

1 852 28
3 826 23
4 702 22
8 570 21
2 544 46
9 478 45
7 452 44
5 394 29
6 369 28
0 0 0
