10 15 3

0 193 168 115 110 206 133 128 225 171 
193 0 238 185 111 106 203 149 125 221 
168 238 0 186 181 108 204 199 146 121 
115 185 186 0 183 178 124 201 196 142 
110 111 181 183 0 179 174 121 198 192 
206 106 108 178 179 0 224 171 117 242 
133 203 204 124 174 224 0 172 167 114 
128 149 199 201 121 171 172 0 188 164 
225 125 146 196 198 117 167 188 0 185 
171 221 121 142 192 242 114 164 185 0 

0 174 174 130 115 188 148 143 206 162 
174 0 229 176 116 127 204 150 129 222 
174 229 0 196 191 122 194 180 166 135 
130 176 196 0 182 168 124 201 196 142 
115 116 191 182 0 188 183 130 207 202 
188 127 122 168 188 0 203 160 136 231 
148 204 194 124 183 203 0 181 166 118 
143 150 180 201 130 160 181 0 172 152 
206 129 166 196 207 136 166 172 0 179 
162 222 135 142 202 231 118 152 179 0 

315 0 3 521
429 0 9 367
287 0 9 490
434 0 9 336
465 0 9 407
315 1 9 484
346 1 9 555
377 1 0 311
408 1 0 434
266 1 0 280
380 1 0 314
320 2 0 338
343 3 0 551
365 9 1 298
397 9 1 332

2659

9 921 34
2 771 29
3 745 38
8 595 27
1 463 22
5 438 21
7 380 41
6 371 36
4 346 25
0 0 0
