10 17 3

0 184 131 126 202 149 144 240 216 162 
184 0 181 175 122 219 194 140 135 212 
131 181 0 225 172 119 113 190 185 132 
126 175 225 0 222 168 163 110 187 182 
202 122 172 222 0 238 165 160 106 232 
149 219 119 168 238 0 235 210 156 103 
144 194 113 163 165 235 0 231 206 153 
240 140 190 110 160 210 231 0 126 223 
216 135 185 187 106 156 206 126 0 123 
162 212 132 182 232 103 153 223 123 0 

0 173 129 150 201 157 142 215 214 170 
173 0 168 184 136 203 182 154 149 200 
129 168 0 223 166 122 137 198 179 135 
150 184 223 0 199 181 167 123 174 195 
201 136 166 199 0 231 167 153 109 224 
157 203 122 181 231 0 213 212 168 115 
142 182 137 167 167 213 0 219 198 145 
215 154 198 123 153 212 219 0 123 200 
214 149 179 174 109 168 198 123 0 139 
170 200 135 195 224 115 145 200 139 0 

417 5 6 532
270 6 7 529
387 6 7 371
436 7 8 462
290 7 8 496
407 7 8 339
330 8 9 348
447 8 9 382
479 8 9 417
333 8 9 543
400 8 9 294
318 9 5 527
350 9 5 561
417 9 5 404
271 9 5 476
303 9 5 510
335 9 5 545

3096

9 952 21
1 926 20
3 777 45
2 659 44
6 568 33
8 553 29
4 527 27
5 502 47
7 377 36
0 0 0
