10 24 5

0 146 243 218 165 111 236 183 178 124 
146 0 143 138 214 209 156 103 228 174 
243 143 0 188 134 211 206 152 147 224 
218 138 188 0 184 131 106 202 149 144 
165 214 134 184 0 181 127 122 199 194 
111 209 211 131 181 0 177 172 119 195 
236 156 206 106 127 177 0 174 168 115 
183 103 152 202 122 172 174 0 218 165 
178 228 147 149 199 119 168 218 0 215 
124 174 224 144 194 195 115 165 215 0 

0 137 243 213 165 112 211 187 178 125 
137 0 153 148 199 190 166 122 208 164 
243 153 0 177 134 211 205 152 147 224 
213 148 177 0 193 140 115 212 168 153 
165 199 134 193 0 179 126 147 198 192 
112 190 211 140 179 0 185 176 123 183 
211 166 205 115 126 185 0 171 182 139 
187 122 152 212 147 176 171 0 196 168 
178 208 147 168 198 123 182 196 0 202 
125 164 224 153 192 183 139 168 202 0 

311 0 7 286
515 0 7 503
367 0 7 345
485 0 7 417
518 0 7 543
361 1 8 285
394 1 8 411
511 1 8 445
279 1 8 480
396 1 8 323
464 1 8 448
316 1 8 520
340 7 9 508
372 7 9 297
405 7 9 423
437 7 9 457
290 7 9 492
442 7 9 426
295 7 0 460
328 7 0 532
360 7 0 375
383 8 0 309
407 9 0 334
439 9 0 459

3227

1 992 23
2 967 31
4 817 26
8 700 25
6 608 45
9 568 49
7 542 39
3 450 38
5 418 23
0 0 0
