10 22 5

0 108 233 179 174 121 246 193 139 114 
108 0 153 229 224 171 166 243 189 184 
233 153 0 149 124 221 216 162 137 234 
179 229 149 0 194 140 116 212 159 134 
174 224 124 194 0 190 185 112 209 204 
121 171 221 140 190 0 187 182 109 104 
246 166 216 116 185 187 0 232 178 125 
193 243 162 212 112 182 232 0 228 175 
139 189 137 159 209 109 178 228 0 225 
114 184 234 134 204 104 125 175 225 0 

0 118 207 190 175 131 221 203 150 129 
118 0 142 229 214 170 156 242 198 184 
207 142 0 158 133 200 195 177 147 223 
190 229 158 0 183 135 135 211 163 133 
175 214 133 183 0 195 190 120 197 208 
131 170 200 135 195 0 181 175 136 127 
221 156 195 135 190 181 0 235 191 138 
203 242 177 211 120 175 235 0 221 167 
150 198 147 163 197 136 191 221 0 207 
129 184 223 133 208 127 138 167 207 0 

296 0 6 576
497 0 6 413
351 0 6 344
491 6 7 500
345 6 7 575
462 6 7 506
494 6 7 542
394 7 8 336
426 7 8 372
280 7 8 304
347 7 8 340
464 7 8 375
496 7 8 544
382 8 9 323
414 8 9 453
303 8 9 489
335 8 9 326
274 8 9 495
306 8 9 332
422 8 9 368
454 8 0 498
477 9 0 429

2867

5 823 37
6 732 46
7 691 41
9 665 40
4 640 29
1 574 24
2 516 23
8 465 43
3 340 38
0 0 0
