10 18 5

0 242 236 183 130 105 201 196 123 220 
242 0 136 233 180 174 101 198 193 139 
236 136 0 133 229 176 171 248 194 189 
183 233 133 0 101 226 173 167 114 191 
130 180 229 101 0 247 223 169 116 111 
105 174 176 226 247 0 244 239 166 112 
201 101 171 173 223 244 0 240 187 162 
196 198 248 167 169 239 240 0 237 184 
123 193 194 114 116 166 187 237 0 241 
220 139 189 191 111 112 162 184 241 0 

0 221 237 189 145 115 187 202 122 225 
221 0 151 217 174 189 125 192 187 160 
237 151 0 127 233 180 171 222 198 193 
189 217 127 0 120 209 186 177 124 184 
145 174 233 120 0 246 216 172 115 109 
115 189 180 209 246 0 222 217 178 130 
187 125 171 186 216 222 0 238 185 164 
202 192 222 177 172 217 238 0 214 191 
122 187 198 124 115 178 185 214 0 227 
225 160 193 184 109 130 164 191 227 0 

321 0 1 296
405 1 2 423
342 1 2 552
462 1 2 391
479 2 3 503
329 2 3 343
449 2 3 378
518 2 3 506
368 2 3 542
380 3 4 397
535 3 4 432
298 3 4 505
331 3 4 345
451 3 4 380
484 3 4 415
283 3 4 451
316 3 4 290
427 4 0 409

2974

2 910 26
4 786 25
5 760 24
8 628 29
9 602 48
7 536 47
1 511 42
3 453 32
6 427 31
0 0 0
