20 33 3

0 114 239 186 133 108 204 151 146 223 169 164 111 188 183 129 226 201 147 244 
114 0 161 107 204 179 126 121 197 144 139 235 162 157 104 200 176 122 219 214 
239 161 0 179 105 100 197 144 119 215 162 137 234 180 175 102 199 193 140 217 
186 107 179 0 177 172 118 195 190 137 233 208 155 150 227 173 168 115 192 187 
133 204 105 177 0 243 170 116 111 208 135 130 226 173 148 245 191 166 113 210 
108 179 100 172 243 0 241 188 183 109 206 201 148 224 219 166 112 238 184 131 
204 126 197 118 170 241 0 109 186 181 127 122 199 146 141 237 164 159 106 202 
151 121 144 195 116 188 109 0 107 102 199 174 120 217 212 139 235 230 177 104 
146 197 119 190 111 183 186 107 0 173 100 245 192 138 113 210 157 152 228 175 
223 144 215 137 208 109 181 102 173 0 172 166 113 190 185 131 228 203 150 246 
169 139 162 233 135 206 127 199 100 172 0 238 165 111 106 203 129 124 221 168 
164 235 137 208 130 201 122 174 245 166 238 0 236 182 177 104 201 196 142 219 
111 162 234 155 226 148 199 120 192 113 165 236 0 104 200 175 122 219 194 140 
188 157 180 150 173 224 146 217 138 190 111 182 104 0 102 247 193 140 115 212 
183 104 175 227 148 219 141 212 113 185 106 177 200 102 0 168 115 192 186 133 
129 200 102 173 245 166 237 139 210 131 203 104 175 247 168 0 166 113 209 204 
226 176 199 168 191 112 164 235 157 228 129 201 122 193 115 166 0 184 131 106 
201 122 193 115 166 238 159 230 152 203 124 196 219 140 192 113 184 0 182 177 
147 219 140 192 113 184 106 177 228 150 221 142 194 115 186 209 131 182 0 248 
244 214 217 187 210 131 202 104 175 246 168 219 140 212 133 204 106 177 248 0 

0 132 231 178 130 129 206 152 143 224 180 166 118 199 194 136 203 182 158 231 
132 0 177 124 200 170 122 137 198 144 135 232 172 154 110 206 186 128 204 220 
231 177 0 174 131 126 192 145 144 220 167 142 209 165 180 117 183 178 151 211 
178 124 174 0 181 162 118 199 194 137 213 212 165 150 210 187 178 124 185 170 
130 200 131 181 0 232 173 115 110 207 143 129 205 161 157 233 180 155 131 208 
129 170 126 162 232 0 239 195 177 117 214 209 151 212 197 179 126 225 172 154 
206 122 192 118 173 239 0 112 172 187 140 125 185 158 153 220 160 171 128 194 
152 137 145 199 115 195 112 0 118 104 180 175 132 198 193 160 226 221 164 104 
143 198 144 194 110 177 172 118 0 180 120 225 178 154 133 200 152 168 228 175 
224 144 220 137 207 117 187 104 180 0 187 172 128 179 170 146 223 192 144 241 
180 135 167 213 143 214 140 180 120 187 0 222 179 135 120 192 153 148 215 167 
166 232 142 212 129 209 125 175 225 172 222 0 219 171 186 127 193 184 161 221 
118 172 209 165 205 151 185 132 178 128 179 219 0 121 198 163 119 216 191 138 
199 154 165 150 161 212 158 198 154 179 135 171 121 0 128 243 186 142 141 218 
194 110 180 210 157 197 153 193 133 170 120 186 198 128 0 159 136 196 178 134 
136 206 117 187 233 179 220 160 200 146 192 127 163 243 159 0 166 113 189 200 
203 186 183 178 180 126 160 226 152 223 153 193 119 186 136 166 0 179 135 105 
182 128 178 124 155 225 171 221 168 192 148 184 216 142 196 113 179 0 190 181 
158 204 151 185 131 172 128 164 228 144 215 161 191 141 178 189 135 190 0 221 
231 220 211 170 208 154 194 104 175 241 167 221 138 218 134 200 105 181 221 0 

514 0 13 1025
897 0 13 792
619 0 14 1036
663 1 14 639
885 1 14 779
608 1 15 1023
990 2 15 1072
713 2 15 589
774 2 16 656
996 2 16 1078
540 13 16 949
667 13 17 644
889 13 17 783
950 13 17 850
512 13 17 1095
556 14 18 966
617 14 18 661
500 14 18 905
627 14 19 599
849 14 19 667
893 15 19 715
954 15 0 855
516 15 0 1099
738 15 0 616
799 15 0 684
925 15 1 928
904 16 1 799
948 17 1 848
575 17 2 915
554 18 2 964
680 18 2 658
724 19 13 1080
786 19 13 774

6208

3 978 46
6 970 45
5 953 40
9 912 39
18 846 38
17 754 33
14 662 22
2 645 21
16 622 40
1 596 35
11 579 34
13 571 23
4 553 49
19 504 38
12 495 37
7 446 26
15 395 21
10 378 30
8 286 49
0 0 0
