20 27 3

0 236 183 178 125 201 196 143 118 215 161 156 233 180 175 121 246 193 139 134 
236 0 153 128 224 171 166 243 238 184 131 106 203 198 144 221 216 162 109 234 
183 153 0 199 194 141 116 212 159 154 231 177 172 119 244 191 137 112 209 155 
178 128 199 0 164 240 187 182 129 205 200 147 122 219 165 160 237 184 178 125 
125 224 194 164 0 162 157 103 228 175 122 247 193 140 135 212 207 153 148 225 
201 171 141 240 162 0 107 203 150 145 221 168 163 110 235 181 128 123 200 146 
196 166 116 187 157 107 0 173 119 196 191 138 234 209 156 151 247 174 169 116 
143 243 212 182 103 203 173 0 219 166 112 107 184 131 126 222 197 144 241 216 
118 238 159 129 228 150 119 219 0 135 232 159 154 100 197 172 119 114 190 137 
215 184 154 205 175 145 196 166 135 0 182 128 225 200 147 243 238 165 160 107 
161 131 231 200 122 221 191 112 232 182 0 248 175 121 116 213 188 135 231 226 
156 106 177 147 247 168 138 107 159 128 248 0 144 241 188 163 109 104 201 128 
233 203 172 122 193 163 234 184 154 225 175 144 0 211 137 234 229 176 151 247 
180 198 119 219 140 110 209 131 100 200 121 241 211 0 107 204 179 125 222 217 
175 144 244 165 135 235 156 126 197 147 116 188 137 107 0 154 100 245 192 118 
121 221 191 160 212 181 151 222 172 243 213 163 234 204 154 0 220 166 141 238 
246 216 137 237 207 128 247 197 119 238 188 109 229 179 100 220 0 116 213 208 
193 162 112 184 153 123 174 144 114 165 135 104 176 125 245 166 116 0 182 129 
139 109 209 178 148 200 169 241 190 160 231 201 151 222 192 141 213 182 0 229 
134 234 155 125 225 146 116 216 137 107 226 128 247 217 118 238 208 129 229 0 

0 234 181 176 128 209 204 147 126 192 179 160 211 167 188 134 234 180 132 148 
234 0 146 125 221 174 159 219 235 187 134 113 205 200 147 207 219 175 121 217 
181 146 0 191 186 133 138 204 161 146 232 179 174 120 216 192 148 114 190 167 
176 125 191 0 171 222 178 193 146 196 191 138 143 219 166 157 238 194 179 131 
128 221 186 171 0 152 163 119 209 161 138 237 183 136 151 211 197 149 164 225 
209 174 133 222 152 0 116 208 165 150 210 183 178 125 220 166 123 138 194 141 
204 159 138 178 163 116 0 167 124 200 195 142 214 214 170 155 228 188 183 130 
147 219 204 193 119 208 167 0 213 159 112 127 187 144 125 201 201 153 220 199 
126 235 161 146 209 165 124 213 0 154 221 161 172 129 195 170 117 112 193 145 
192 187 146 196 161 150 200 159 154 0 190 146 213 188 164 241 226 162 178 134 
179 134 232 191 138 210 195 112 221 190 0 225 161 138 133 196 175 151 228 209 
160 113 179 138 237 183 142 127 161 146 225 0 150 213 199 169 125 106 183 143 
211 205 174 143 183 178 214 187 172 213 161 150 0 212 142 215 230 186 152 228 
167 200 120 219 136 125 214 144 129 188 138 213 212 0 127 204 169 125 222 217 
188 147 216 166 151 220 170 125 195 164 133 199 142 127 0 143 119 234 177 117 
134 207 192 157 211 166 155 201 170 241 196 169 215 204 143 0 204 181 160 222 
234 219 148 238 197 123 228 201 117 226 175 125 230 169 119 204 0 120 196 211 
180 175 114 194 149 138 188 153 112 162 151 106 186 125 234 181 120 0 185 137 
132 121 190 179 164 194 183 220 193 178 228 183 152 222 177 160 196 185 0 230 
148 217 167 131 225 141 130 199 145 134 209 143 228 217 117 222 211 137 230 0 

915 1 2 723
903 2 3 785
536 3 4 1066
769 3 4 823
879 4 5 943
757 4 5 625
821 4 5 695
680 5 6 1115
744 5 6 796
622 5 6 1051
668 6 7 1102
732 6 7 598
796 6 7 853
574 6 7 923
552 7 8 974
684 7 8 1044
749 7 8 800
626 7 9 1055
690 7 9 737
736 8 9 602
800 8 10 857
1033 8 10 928
642 8 10 998
706 8 10 679
939 8 1 825
817 9 1 875
863 10 2 850

5422

2 943 44
5 902 43
10 744 38
6 727 37
16 718 36
9 676 31
19 635 30
13 569 49
1 561 44
17 551 43
8 543 33
7 451 28
18 436 47
12 411 46
15 385 25
14 368 24
3 345 43
11 342 28
4 276 27
0 0 0
