20 58 5

0 213 160 135 232 178 173 100 245 192 138 113 210 156 151 228 175 170 116 193 
213 0 110 206 153 148 225 171 166 113 190 185 131 228 203 149 246 241 168 114 
160 110 0 128 224 199 146 243 238 164 111 106 202 129 124 221 167 143 239 186 
135 206 128 0 146 121 217 164 139 236 182 177 104 201 195 142 219 214 160 107 
232 153 224 146 0 144 139 235 162 157 104 229 175 122 117 194 140 135 232 159 
178 148 199 121 144 0 210 137 233 228 175 102 247 193 140 115 212 158 133 230 
173 225 146 217 139 210 0 208 155 150 226 173 168 114 191 186 133 229 205 151 
100 171 243 164 235 137 208 0 226 201 148 244 239 166 113 108 204 131 126 222 
245 166 238 139 162 233 155 226 0 224 219 166 141 237 184 179 106 202 197 144 
192 113 164 236 157 228 150 201 224 0 140 237 164 159 105 202 177 124 220 195 
138 190 111 182 104 175 226 148 219 140 0 138 235 230 177 103 248 195 141 117 
113 185 106 177 229 102 173 244 166 237 138 0 156 151 228 175 170 116 193 188 
210 131 202 104 175 247 168 239 141 164 235 156 0 154 149 246 193 168 114 211 
156 228 129 201 122 193 114 166 237 159 230 151 154 0 221 167 244 239 186 132 
151 203 124 195 117 140 191 113 184 105 177 228 149 221 0 219 165 160 107 184 
228 149 221 142 194 115 186 108 179 202 103 175 246 167 219 0 237 232 158 105 
175 246 167 219 140 212 133 204 106 177 248 170 193 244 165 237 0 105 230 176 
170 241 143 214 135 158 229 131 202 124 195 116 168 239 160 232 105 0 151 248 
116 168 239 160 232 133 205 126 197 220 141 193 114 186 107 158 230 151 0 169 
193 114 186 107 159 230 151 222 144 195 117 188 211 132 184 105 176 248 169 0 

0 217 173 142 215 191 186 117 228 175 131 130 203 149 144 221 177 162 139 196 
217 0 112 209 165 150 207 183 178 125 181 197 143 215 185 141 238 229 160 116 
173 112 0 129 222 201 147 224 235 175 122 113 210 150 135 208 154 154 230 172 
142 209 129 0 142 141 214 160 139 236 188 174 114 207 192 148 199 220 166 123 
215 165 222 142 0 139 154 231 157 152 129 224 171 127 142 189 145 130 207 164 
191 150 201 141 139 0 191 151 228 213 165 126 241 184 140 139 216 158 137 204 
186 207 147 214 154 191 0 192 164 159 210 162 178 134 185 176 152 219 198 171 
117 183 224 160 231 151 192 0 205 204 156 223 218 175 131 116 192 149 144 211 
228 178 235 139 157 228 164 205 0 202 217 169 139 215 192 183 113 190 205 157 
175 125 175 236 152 213 159 204 202 0 155 221 158 162 109 191 180 132 199 187 
131 181 122 188 129 165 210 156 217 155 0 145 221 232 168 129 240 176 142 117 
130 197 113 174 224 126 162 223 169 221 145 0 156 147 228 184 165 121 202 197 
203 143 210 114 171 241 178 218 139 158 221 156 0 163 154 220 176 176 128 195 
149 215 150 207 127 184 134 175 215 162 232 147 163 0 224 170 227 212 168 141 
144 185 135 192 142 140 185 131 192 109 168 228 154 224 0 201 177 168 115 175 
221 141 208 148 189 139 176 116 183 191 129 184 220 170 201 0 214 208 169 122 
177 238 154 199 145 216 152 192 113 180 240 165 176 227 177 214 0 116 215 162 
162 229 154 220 130 158 219 149 190 132 176 121 176 212 168 208 116 0 162 238 
139 160 230 166 207 137 198 144 205 199 142 202 128 168 115 169 215 162 0 184 
196 116 172 123 164 204 171 211 157 187 117 197 195 141 175 122 162 238 184 0 

855 0 6 744
735 0 17 611
962 0 17 863
678 0 17 1114
741 0 17 617
968 0 18 869
586 0 18 1121
631 1 18 604
694 1 19 674
574 1 19 1000
637 1 19 685
699 1 0 754
927 1 0 824
545 1 0 1075
772 1 0 578
676 1 2 1112
829 2 3 715
709 2 3 583
839 2 3 652
884 3 4 702
947 3 4 953
662 3 4 1097
725 3 4 600
770 4 5 650
833 4 5 902
895 4 5 971
678 4 6 1040
741 4 6 725
968 4 6 869
849 5 17 919
564 5 17 988
627 5 17 1058
689 5 17 743
899 5 18 793
962 5 18 862
580 5 18 1114
625 6 19 598
853 6 19 667
915 6 19 811
978 6 0 1062
693 6 0 1131
756 6 0 634
886 6 0 704
948 6 1 1030
664 6 1 1099
727 6 1 602
772 17 2 652
834 17 2 904
550 17 2 973
942 18 3 1023
725 18 3 1092
788 18 3 777
1015 18 3 921
895 19 4 971
611 19 4 1040
674 19 4 726
901 19 5 795
519 19 5 864

6090

19 927 39
11 869 38
13 835 33
1 777 32
17 760 31
12 734 26
18 711 25
8 709 45
7 694 44
6 668 39
4 660 28
3 619 27
14 584 42
16 510 41
5 485 31
9 401 30
15 335 45
10 317 24
2 309 23
0 0 0
