20 36 5

0 240 186 133 229 205 151 248 194 121 218 164 111 188 134 231 178 124 249 196 
240 0 166 113 209 156 233 179 174 121 198 144 241 187 134 211 157 104 201 128 
186 166 0 242 189 136 232 179 106 202 149 144 221 167 114 210 137 234 180 127 
133 113 242 0 189 115 212 159 105 182 129 225 172 118 195 190 137 233 160 107 
229 209 189 189 0 217 163 138 235 182 128 205 152 248 195 122 218 165 112 208 
205 156 136 115 217 0 143 240 167 113 210 205 131 228 175 121 218 145 241 188 
151 233 232 212 163 143 0 220 166 113 190 136 233 179 106 101 198 144 221 168 
248 179 179 159 138 240 220 0 146 243 189 116 213 159 106 202 129 226 172 119 
194 174 106 105 235 167 166 146 0 174 121 116 212 139 236 182 129 225 152 249 
121 121 202 182 182 113 113 243 174 0 120 197 144 240 187 162 109 205 152 229 
218 198 149 129 128 210 190 189 121 120 0 197 123 220 167 113 210 137 233 228 
164 144 144 225 205 205 136 116 116 197 197 0 123 220 146 243 190 136 213 160 
111 241 221 172 152 131 233 213 212 144 123 123 0 151 248 194 121 116 213 159 
188 187 167 118 248 228 179 159 139 240 220 220 151 0 227 174 121 198 144 241 
134 134 114 195 195 175 106 106 236 187 167 146 248 227 0 154 100 197 144 221 
231 211 210 190 122 121 101 202 182 162 113 243 194 174 154 0 230 177 123 220 
178 157 137 137 218 218 198 129 129 109 210 190 121 121 100 230 0 128 205 152 
124 104 234 233 165 145 144 226 225 205 137 136 116 198 197 177 128 0 205 131 
249 201 180 160 112 241 221 172 152 152 233 213 213 144 144 123 205 205 0 131 
196 128 127 107 208 188 168 119 249 229 228 160 159 241 221 220 152 131 131 0 

0 241 187 134 230 205 152 219 195 122 219 165 122 198 145 212 188 135 220 207 
241 0 177 123 199 146 223 169 185 131 178 164 231 178 150 201 148 124 197 127 
187 177 0 233 179 135 232 175 106 202 149 160 220 167 114 206 137 234 180 133 
134 123 233 0 194 125 192 168 111 192 138 214 187 134 185 200 142 209 149 126 
230 199 179 194 0 212 158 158 224 167 143 194 151 243 190 121 217 160 136 213 
205 146 135 125 212 0 148 214 175 122 214 200 130 207 179 126 222 153 216 192 
152 223 232 192 158 148 0 204 180 127 178 150 217 173 134 115 182 158 209 182 
219 169 175 168 158 214 204 0 140 236 183 114 206 163 109 206 133 229 176 122 
195 185 106 111 224 175 180 140 0 187 134 119 216 142 219 195 142 205 165 232 
122 131 202 192 167 122 127 236 187 0 139 190 136 233 185 155 131 198 171 221 
219 178 149 138 143 214 178 183 134 139 0 195 126 223 175 121 188 149 215 227 
165 164 160 214 194 200 150 114 119 190 195 0 131 198 159 231 177 154 205 151 
122 231 220 187 151 130 217 206 216 136 126 131 0 149 245 192 128 114 210 157 
198 178 167 134 243 207 173 163 142 233 223 198 149 0 205 181 138 184 161 228 
145 150 114 185 190 179 134 109 219 185 175 159 245 205 0 171 127 194 136 217 
212 201 206 200 121 126 115 206 195 155 121 231 192 181 171 0 206 183 130 222 
188 148 137 142 217 222 182 133 142 131 188 177 128 138 127 206 0 150 200 147 
135 124 234 209 160 153 158 229 205 198 149 154 114 184 194 183 150 0 206 137 
220 197 180 149 136 216 209 176 165 171 215 205 210 161 136 130 200 206 0 142 
207 127 133 126 213 192 182 122 232 221 227 151 157 228 217 222 147 137 142 0 

779 3 4 645
580 4 5 998
545 4 5 885
992 5 6 802
887 5 6 763
951 5 6 833
725 6 7 586
689 6 7 1117
585 6 7 1003
649 6 7 1073
881 7 8 756
845 7 8 717
909 7 8 787
805 7 8 673
769 7 9 635
665 7 9 1090
543 8 9 957
961 8 9 843
571 8 10 913
989 8 10 874
885 8 10 761
849 8 10 647
913 8 11 791
623 9 11 1044
1041 9 11 931
1006 9 11 1000
547 9 12 962
965 9 12 848
930 9 12 734
825 9 12 695
889 9 3 765
785 9 3 651
563 10 3 904
540 11 4 955
841 12 4 638
737 12 4 599

6121

1 931 24
12 913 44
9 873 29
3 756 28
18 740 47
11 723 37
4 715 22
14 698 41
6 674 40
15 649 30
19 623 45
10 606 34
5 565 24
2 540 43
13 448 28
8 430 48
17 390 37
16 356 36
7 339 21
0 0 0
