20 45 5

0 129 226 201 148 244 239 166 161 107 204 179 126 222 217 144 241 236 182 157 
129 0 176 122 117 214 189 136 232 227 154 101 245 192 167 114 210 186 132 127 
226 176 0 242 189 164 110 105 202 129 124 220 195 142 238 233 160 107 102 198 
201 122 242 0 138 235 230 176 152 248 195 170 117 213 208 135 130 226 173 148 
148 117 189 138 0 205 151 126 223 218 145 241 236 183 158 105 201 196 123 219 
244 214 164 235 205 0 101 246 193 119 114 211 206 133 229 224 171 248 242 189 
239 189 110 230 151 101 0 167 142 239 186 180 107 204 199 145 121 217 164 139 
166 136 105 176 126 246 167 0 214 209 155 232 227 174 120 245 192 187 114 210 
161 232 202 152 223 193 142 214 0 130 105 202 148 123 220 215 161 238 233 180 
107 227 129 248 218 119 239 209 130 0 176 171 248 195 190 136 111 208 154 149 
204 154 124 195 145 114 186 155 105 176 0 223 218 164 111 236 183 177 124 201 
179 101 220 170 241 211 180 232 202 171 223 0 187 134 109 206 152 127 224 171 
126 245 195 117 236 206 107 227 148 248 218 187 0 234 180 175 102 199 194 140 
222 192 142 213 183 133 204 174 123 195 164 134 234 0 150 227 222 168 115 240 
217 167 238 208 158 229 199 120 220 190 111 109 180 150 0 196 143 138 215 161 
144 114 233 135 105 224 145 245 215 136 236 206 175 227 196 0 113 238 184 131 
241 210 160 130 201 171 121 192 161 111 183 152 102 222 143 113 0 159 154 231 
236 186 107 226 196 248 217 187 238 208 177 127 199 168 138 238 159 0 205 200 
182 132 102 173 123 242 164 114 233 154 124 224 194 115 215 184 154 205 0 122 
157 127 198 148 219 189 139 210 180 149 201 171 140 240 161 131 231 200 122 0 

0 139 215 194 167 243 229 169 150 107 203 178 125 201 216 153 219 214 191 166 
139 0 164 141 136 202 177 154 230 211 152 129 243 196 165 121 214 193 140 135 
215 164 0 225 172 151 128 119 195 126 147 213 183 139 232 226 157 113 104 201 
194 141 225 0 155 217 212 189 164 231 187 156 139 205 200 131 152 218 175 140 
167 136 172 155 0 186 163 138 204 199 156 232 217 174 169 126 192 183 144 220 
243 202 151 217 186 0 102 247 199 130 125 191 212 143 219 200 157 238 232 175 
229 177 128 212 163 102 0 163 142 239 191 176 117 209 204 151 130 222 179 148 
169 154 119 189 138 247 163 0 208 203 150 206 222 178 124 220 196 191 118 194 
150 230 195 164 204 199 142 208 0 150 119 195 148 147 214 208 151 212 227 183 
107 211 126 231 199 130 239 203 150 0 165 180 241 187 178 155 134 201 153 168 
203 152 147 187 156 125 191 150 119 165 0 205 196 172 128 218 170 185 142 189 
178 129 213 156 232 191 176 206 195 180 205 0 185 137 136 213 159 134 201 157 
125 243 183 139 217 212 117 222 148 241 196 185 0 230 177 168 128 205 190 142 
201 196 139 205 174 143 209 178 147 187 172 137 230 0 141 222 207 160 136 235 
216 165 232 200 169 219 204 124 214 178 128 136 177 141 0 177 163 148 205 152 
153 121 226 131 126 200 151 220 208 155 218 213 168 222 177 0 118 238 194 146 
219 214 157 152 192 157 130 196 151 134 170 159 128 207 163 118 0 164 149 209 
214 193 113 218 183 238 222 191 212 201 185 134 205 160 148 238 164 0 203 194 
191 140 104 175 144 232 179 118 227 153 142 201 190 136 205 194 149 203 0 145 
166 135 201 140 220 175 148 194 183 168 189 157 142 235 152 146 209 194 145 0 

782 0 19 667
563 0 19 923
792 0 19 603
1021 0 19 935
1009 0 1 922
722 0 1 601
786 0 1 857
849 0 1 928
630 0 2 998
607 1 2 659
905 1 2 729
968 1 3 875
847 2 3 850
560 2 3 996
623 2 4 1067
687 2 4 1137
732 3 4 612
961 3 5 1054
576 3 5 1124
806 3 5 618
869 3 5 765
914 4 6 816
977 4 6 886
524 4 6 956
588 4 7 1027
719 4 7 707
948 4 7 853
1011 4 7 923
890 5 8 974
604 5 8 1045
667 5 8 1115
798 5 19 610
861 5 19 866
556 5 19 916
620 5 19 1063
683 5 0 1133
746 5 0 813
791 6 0 678
671 7 1 729
900 7 1 800
779 8 1 850
842 8 2 921
888 19 2 786
1019 19 2 1042
732 19 3 612

6096

8 972 36
13 964 31
17 923 30
18 889 29
12 880 24
16 814 23
15 789 22
11 705 38
6 680 27
7 622 36
14 613 21
4 522 20
1 489 39
10 481 38
9 389 24
3 331 23
2 314 42
19 288 26
5 265 46
0 0 0
