5 10 3

0 228 120 200 132 
228 0 133 132 190 
120 133 0 97 177 
200 132 97 0 236 
132 190 177 236 0 

0 214 138 199 136 
214 0 136 137 179 
138 136 0 110 176 
199 137 110 0 218 
136 179 176 218 0 

178 0 4 199
212 0 4 252
120 0 4 153
225 0 4 154
173 0 4 176
179 1 4 172
167 1 4 187
181 1 4 168
157 1 4 142
126 1 4 159

1722

0 0 0
1 887 20
2 347 22
3 986 25
4 934 47