5 6 3

0 143 249 204 160 
143 0 138 236 231 
249 138 0 247 235 
204 236 247 0 200 
160 231 235 200 0 

0 137 237 211 173 
137 0 155 226 234 
237 155 0 226 222 
211 226 226 0 188 
173 234 222 188 0 

260 0 3 182
313 0 3 274
220 0 3 317
169 3 4 266
174 3 4 293
246 3 4 232

1280

0 0 0
1 336 32
2 954 36
3 693 44
4 325 40