5 10 4

0 178 119 185 220 
178 0 222 140 139 
119 222 0 199 198 
185 140 199 0 225 
220 139 198 225 0 

0 190 128 186 214 
190 0 198 140 135 
128 198 0 208 194 
186 140 208 0 197 
214 135 194 197 0 

177 0 3 227
148 0 3 166
254 0 3 209
232 0 3 167
215 0 3 188
213 3 4 147
229 3 4 268
212 3 4 293
278 3 4 194
156 3 4 186

1463

0 0 0
1 736 48
2 316 30
3 889 23
4 676 42