5 8 4

0 197 156 194 174 
197 0 101 219 107 
156 101 0 132 171 
194 219 132 0 199 
174 107 171 199 0 

0 196 146 199 185 
196 0 125 197 126 
146 125 0 151 158 
199 197 151 0 207 
185 126 158 207 0 

228 2 3 179
205 2 3 172
232 2 3 255
213 3 4 235
204 3 4 189
163 3 4 143
171 3 4 271
218 3 4 139

1705

0 0 0
1 468 40
2 771 43
3 820 40
4 934 35