5 33 5

0 169 154 117 206 
169 0 167 189 219 
154 167 0 203 247 
117 189 203 0 193 
206 219 247 193 0 

0 175 159 130 205 
175 0 153 179 203 
159 153 0 193 221 
130 179 193 0 203 
205 203 221 203 0 

213 0 2 268
196 0 2 259
159 0 2 234
289 0 2 248
241 0 2 199
284 0 2 200
227 0 2 248
295 0 2 275
288 0 2 205
298 0 2 215
304 0 2 221
309 0 2 205
157 0 2 317
279 0 2 302
231 0 2 210
216 0 2 195
213 1 2 191
284 1 2 187
256 1 2 278
250 1 2 292
181 1 2 201
303 1 2 296
259 1 2 272
215 1 2 185
171 1 2 161
285 1 2 256
158 1 2 211
271 1 2 264
248 1 2 261
183 1 2 314
235 1 2 269
191 1 2 322
284 1 2 277

1546

0 0 0
1 451 40
2 697 24
3 785 33
4 774 41