5 17 5

0 119 138 105 203 
119 0 177 105 203 
138 177 0 204 113 
105 105 204 0 192 
203 203 113 192 0 

0 134 143 107 205 
134 0 169 116 186 
143 169 0 186 116 
107 116 186 0 179 
205 186 116 179 0 

133 0 3 224
212 0 3 186
119 0 3 177
219 0 3 121
169 0 3 214
158 0 3 177
153 0 3 156
202 0 3 144
153 3 4 166
163 3 4 129
164 3 4 146
147 3 4 176
215 3 4 231
198 3 4 140
127 3 4 170
155 3 4 152
169 3 4 198

1621

0 0 0
1 782 33
2 786 21
3 737 23
4 523 46