8 19 3

0 212 219 116 124 190 131 94 
212 0 248 100 224 121 245 141 
219 248 0 147 146 213 145 144 
116 100 147 0 207 161 183 205 
124 224 146 207 0 110 132 109 
190 121 213 161 110 0 184 183 
131 245 145 183 132 184 0 235 
94 141 144 205 109 183 235 0 

0 195 196 136 137 190 122 110 
195 0 228 114 225 137 246 158 
196 228 0 144 143 191 132 145 
136 114 144 0 194 149 195 212 
137 225 143 194 0 106 144 134 
190 137 191 149 106 0 195 176 
122 246 132 195 144 195 0 230 
110 158 145 212 134 176 230 0 

241 0 3 351
300 0 3 357
231 0 3 413
296 0 3 353
267 0 3 322
348 0 3 379
365 1 3 426
229 1 3 366
226 1 3 279
302 1 3 387
246 1 3 300
391 1 3 324
271 2 3 326
320 2 3 323
212 2 3 235
383 2 3 361
301 2 0 245
381 2 0 286
208 3 0 231

1858

0 0 0
1 405 22
2 362 36
3 529 20
4 259 24
5 367 28
6 613 40
7 928 39