8 22 3

0 169 164 203 222 111 130 117 
169 0 221 149 220 180 159 178 
164 221 0 183 210 158 138 247 
203 149 183 0 192 172 132 107 
222 220 210 192 0 115 126 196 
111 180 158 172 115 0 231 151 
130 159 138 132 126 231 0 130 
117 178 247 107 196 151 130 0 

0 173 169 192 225 122 140 128 
173 0 220 143 213 191 151 180 
169 220 0 179 202 174 157 245 
192 143 179 0 181 158 126 120 
225 213 202 181 0 120 128 207 
122 191 174 158 120 0 207 169 
140 151 157 126 128 207 0 153 
128 180 245 120 207 169 153 0 

289 0 7 263
332 0 7 279
315 0 7 267
248 0 7 424
255 0 7 372
408 1 7 245
246 1 7 290
373 1 7 437
410 1 7 427
320 1 7 429
361 2 7 255
255 2 7 390
291 2 7 410
271 2 7 280
364 2 7 319
400 2 7 435
245 7 0 380
314 7 0 422
344 7 0 346
245 7 0 349
247 7 0 442
335 7 0 414

2666

0 0 0
1 926 43
2 769 32
3 516 37
4 777 31
5 648 37
6 703 32
7 658 25