8 31 4

0 115 230 193 134 245 141 105 
115 0 138 137 159 113 135 89 
230 138 0 153 175 129 195 172 
193 137 153 0 235 190 211 188 
134 159 175 235 0 228 227 204 
245 113 129 190 228 0 154 153 
141 135 195 211 227 154 0 124 
105 89 172 188 204 153 124 0 

0 128 203 203 139 228 154 115 
128 0 132 157 169 132 133 92 
203 132 0 159 167 126 196 169 
203 157 159 0 227 190 194 180 
139 169 167 227 0 213 221 180 
228 132 126 190 213 0 150 145 
154 133 196 194 221 150 0 123 
115 92 169 180 180 145 123 0 

219 0 6 330
307 0 6 366
291 0 6 320
386 0 6 421
355 0 6 359
351 0 6 221
293 0 6 352
311 1 6 342
281 1 6 367
408 1 6 282
334 1 6 395
331 1 6 362
344 1 6 435
242 1 6 268
385 6 7 421
382 6 7 417
253 6 7 222
293 6 7 352
345 6 7 436
369 6 7 432
256 6 7 283
276 7 0 229
306 7 0 347
285 7 0 250
233 7 0 415
322 7 0 364
242 7 0 279
413 7 0 311
355 7 0 254
291 7 0 332
392 7 0 259

1910

0 0 0
1 692 45
2 450 37
3 439 38
4 598 34
5 307 32
6 600 48
7 477 45