8 42 5

0 188 164 194 135 143 241 235 
188 0 219 142 159 154 215 232 
164 219 0 130 80 88 230 86 
194 142 130 0 194 224 196 200 
135 159 80 194 0 244 202 130 
143 154 88 224 244 0 115 96 
241 215 230 196 202 115 0 142 
235 232 86 200 130 96 142 0 

0 196 163 182 143 160 225 237 
196 0 219 163 161 160 202 226 
163 219 0 121 106 94 227 118 
182 163 121 0 198 221 180 179 
143 161 106 198 0 213 190 131 
160 160 94 221 213 0 121 105 
225 202 227 180 190 121 0 149 
237 226 118 179 131 105 149 0 

367 0 5 351
196 0 5 415
354 0 5 236
278 0 5 337
341 0 5 266
347 0 5 412
353 0 5 290
356 5 6 310
281 5 6 256
267 5 6 285
228 5 6 226
209 5 6 233
369 5 6 213
381 5 6 410
234 5 6 407
372 6 7 272
317 6 7 229
241 6 7 269
233 6 7 315
214 6 7 323
195 6 7 246
202 6 7 394
337 6 7 373
226 6 7 252
365 6 7 377
295 6 7 216
310 7 0 249
220 7 0 273
370 7 0 281
223 7 0 249
271 7 0 245
206 7 0 247
336 7 0 216
382 7 0 339
236 7 0 262
319 7 0 371
198 7 0 305
271 7 0 218
258 7 0 270
259 7 0 345
282 7 0 313
294 7 0 354

2712

0 0 0
1 774 30
2 639 43
3 874 38
4 389 49
5 642 47
6 966 32
7 861 22