10 14 3

0 179 174 120 115 192 139 134 230 157 
179 0 224 170 165 112 189 183 130 125 
174 224 0 240 215 162 108 233 180 127 
120 170 240 0 236 212 158 153 100 177 
115 165 215 236 0 131 208 155 150 246 
192 112 162 212 131 0 128 224 200 146 
139 189 108 158 208 128 0 124 221 196 
134 183 233 153 155 224 124 0 121 116 
230 130 180 100 150 200 221 121 0 117 
157 125 127 177 246 146 196 116 117 0 

0 166 165 207 230 164 196 199 141 194 
166 0 124 186 189 221 155 178 220 214 
165 124 0 120 139 171 213 138 170 212 
207 186 120 0 112 131 193 192 224 161 
230 189 139 112 0 214 142 184 203 125 
164 221 171 131 214 0 206 148 167 195 
196 155 213 193 142 206 0 218 139 148 
199 178 138 192 184 148 218 0 209 212 
141 220 170 224 203 167 139 209 0 230 
194 214 212 161 125 195 148 212 230 0 

260 0 3 444
375 0 3 375
490 0 3 544
346 0 3 580
378 0 9 417
484 1 9 443
516 1 9 479
288 1 9 316
354 1 9 352
293 1 9 482
325 1 9 556
265 2 0 582
287 3 0 569
310 9 0 501

3076

7 849 39
1 824 34
2 757 33
8 732 32
6 674 47
4 648 46
3 557 45
9 473 31
5 381 30
0 0 0
