10 16 3

0 155 102 178 173 120 115 192 138 133 
155 0 151 248 223 170 165 111 188 183 
102 151 0 148 143 239 215 161 108 233 
178 248 148 0 193 139 134 211 158 153 
173 223 143 193 0 189 136 131 208 154 
120 170 239 139 189 0 186 132 127 224 
115 165 215 134 136 186 0 182 177 124 
192 111 161 211 131 132 182 0 199 174 
138 188 108 158 208 127 177 199 0 243 
133 183 233 153 154 224 124 174 243 0 

0 176 218 181 175 217 210 174 206 209 
176 0 198 119 134 166 169 227 165 158 
218 198 0 189 188 130 149 181 219 138 
181 119 189 0 172 210 203 140 202 202 
175 134 188 172 0 163 191 224 152 190 
217 166 130 210 163 0 175 213 206 128 
210 169 149 203 191 175 0 162 165 228 
174 227 181 140 224 213 162 0 168 177 
206 165 219 202 152 206 165 168 0 121 
209 158 138 202 190 128 228 177 121 0 

269 0 9 471
475 0 9 398
326 0 9 578
445 0 9 405
478 0 9 443
319 1 9 571
352 1 0 609
385 1 0 335
454 1 0 474
304 1 0 612
424 1 0 380
361 2 0 366
384 3 1 394
504 3 1 473
441 9 1 459
292 9 1 538

3108

6 862 36
2 830 31
1 738 30
7 712 29
9 672 24
4 646 23
3 563 42
8 537 41
5 387 26
0 0 0
