10 17 3

0 187 134 230 205 152 248 195 122 219 
187 0 237 183 130 227 154 148 245 192 
134 237 0 108 233 180 127 223 170 247 
230 183 108 0 158 105 201 128 123 220 
205 130 233 158 0 180 155 101 198 144 
152 227 180 105 180 0 229 176 123 248 
248 154 127 201 155 229 0 129 226 173 
195 148 223 128 101 176 129 0 151 247 
122 245 170 123 198 123 226 151 0 201 
219 192 247 220 144 248 173 247 201 0 

0 174 206 124 163 195 107 170 213 135 
174 0 114 156 218 130 204 198 119 151 
206 114 0 241 126 158 220 132 170 128 
124 156 241 0 181 243 151 199 202 144 
163 218 126 181 0 174 183 245 157 195 
195 130 158 243 174 0 118 176 208 127 
107 204 220 151 183 118 0 208 120 178 
170 198 132 199 245 176 208 0 201 113 
213 119 170 202 157 208 120 201 0 145 
135 151 128 144 195 127 178 113 145 0 

360 0 8 525
393 0 8 291
375 0 8 324
408 0 8 305
344 1 8 510
378 1 9 276
323 1 9 489
392 1 9 522
338 1 9 504
275 2 9 441
308 2 9 474
289 2 9 421
323 2 9 489
540 2 0 435
301 2 0 468
422 8 0 319
359 9 0 524

3319

2 948 46
7 922 45
5 889 34
8 838 20
9 714 49
1 622 38
3 556 27
4 531 43
6 355 42
0 0 0
