10 28 5

0 140 236 231 158 105 249 196 171 118 
140 0 184 131 228 203 198 144 119 216 
236 184 0 229 224 171 146 243 189 164 
231 131 229 0 172 119 216 191 137 132 
158 228 224 172 0 217 164 159 236 182 
105 203 171 119 217 0 204 227 174 168 
249 198 146 216 164 204 0 165 188 232 
196 144 243 191 159 227 165 0 145 241 
171 119 189 137 236 174 188 145 0 136 
118 216 164 132 182 168 232 241 136 0 

0 202 123 122 200 242 125 153 172 234 
202 0 153 211 133 142 145 213 222 144 
123 153 0 136 135 167 186 124 176 174 
122 211 136 0 185 217 134 174 215 209 
200 133 135 185 0 137 175 178 136 178 
242 142 167 217 137 0 162 142 174 183 
125 145 186 134 175 162 0 170 166 140 
153 213 124 174 178 142 170 0 212 113 
172 222 176 215 136 174 166 212 0 212 
234 144 174 209 178 183 140 113 212 0 

429 0 9 307
359 0 9 527
492 0 9 460
325 0 9 495
402 0 9 335
521 0 1 487
354 0 1 522
391 0 1 363
525 0 1 398
303 1 2 566
437 1 2 314
474 1 2 350
550 1 2 477
590 2 3 461
366 2 3 496
403 2 3 336
536 2 3 409
466 2 3 342
503 2 3 377
372 3 9 540
449 3 9 380
582 3 9 453
318 3 9 294
452 3 9 329
489 3 9 456
565 3 9 491
398 3 0 526
424 9 0 552

2845

3 958 20
6 917 49
1 782 44
7 658 43
9 633 42
4 475 37
5 383 26
8 325 25
2 300 45
0 0 0
