10 19 5

0 133 210 156 151 248 223 169 116 241 
133 0 129 104 201 148 142 219 214 161 
210 129 0 174 101 197 192 139 114 211 
156 104 174 0 171 117 242 189 136 111 
151 201 101 171 0 167 114 239 185 180 
248 148 197 117 167 0 164 159 235 182 
223 142 192 242 114 164 0 160 155 102 
169 219 139 189 239 159 160 0 205 152 
116 214 114 136 185 235 155 205 0 201 
241 161 211 111 180 182 102 152 201 0 

0 210 143 175 179 121 136 177 209 134 
210 0 211 216 168 200 199 127 130 192 
143 211 0 190 238 159 153 190 230 151 
175 216 190 0 172 213 132 174 202 221 
179 168 238 172 0 193 235 124 162 155 
121 200 159 213 193 0 184 178 115 173 
136 199 153 132 235 184 0 196 199 231 
177 127 190 174 124 178 196 0 149 191 
209 130 230 202 162 115 199 149 0 140 
134 192 151 221 155 173 231 191 140 0 

451 5 6 412
310 5 6 344
439 6 7 492
298 6 7 330
411 6 7 366
255 7 8 478
286 7 8 514
351 7 8 352
464 7 8 388
323 7 8 555
498 8 9 465
308 8 9 500
339 8 9 574
370 8 9 413
483 8 9 448
260 8 9 484
325 8 9 519
265 8 5 451
460 9 5 477

3090

4 931 33
6 715 32
9 707 31
5 681 26
3 623 45
8 598 44
1 557 39
7 532 29
2 506 48
0 0 0
