10 32 5

0 140 237 231 178 105 100 196 172 118 
140 0 136 131 228 223 150 246 241 188 
237 136 0 201 128 123 219 166 141 238 
231 131 201 0 198 124 119 216 211 138 
178 228 128 198 0 194 169 116 212 207 
105 223 123 124 194 0 191 185 112 107 
100 150 219 119 169 191 0 235 182 109 
196 246 166 216 116 185 235 0 232 179 
172 241 141 211 212 112 182 232 0 228 
118 188 238 138 207 107 109 179 228 0 

0 200 118 141 183 231 230 172 191 223 
200 0 191 220 132 135 183 131 124 166 
118 191 0 158 212 205 127 185 204 116 
141 220 158 0 146 224 227 139 138 195 
183 132 212 146 0 167 176 218 130 159 
231 135 205 224 167 0 149 152 230 229 
230 183 127 227 176 149 0 132 173 221 
172 131 185 139 218 152 132 0 123 185 
191 124 204 138 130 230 173 123 0 135 
223 166 116 195 159 229 221 185 135 0 

318 0 4 533
464 0 1 371
320 0 1 535
435 0 1 376
467 0 1 411
323 0 1 538
354 0 1 380
504 0 1 414
276 0 2 487
392 0 2 420
415 1 2 353
446 1 2 480
302 1 2 515
334 1 2 550
400 1 2 391
388 2 3 417
278 2 3 452
394 2 3 385
509 2 3 457
281 2 3 492
313 2 3 334
428 2 4 369
367 3 4 394
483 3 4 429
289 3 4 464
321 3 4 342
436 3 4 377
468 3 4 412
500 3 0 539
390 3 0 288
421 3 0 361
444 4 0 349

2619

9 939 24
2 764 49
3 640 48
8 614 47
6 482 33
1 457 41
4 390 31
7 365 46
5 307 45
0 0 0
