20 27 3

0 125 222 217 144 139 235 182 157 104 248 195 122 117 213 160 135 232 227 153 
125 0 192 167 113 210 205 132 127 223 170 145 241 236 163 110 105 201 128 123 
222 192 0 238 233 180 155 101 198 173 120 114 211 138 133 229 176 151 248 194 
217 167 238 0 154 129 226 221 148 244 239 186 161 108 204 199 126 222 217 164 
144 113 233 154 0 201 196 122 117 214 160 136 232 179 174 101 245 192 167 114 
139 210 180 129 201 0 145 242 189 183 110 207 202 148 124 220 167 142 239 185 
235 205 155 226 196 145 0 128 152 195 117 213 208 155 130 125 221 197 143 138 
182 132 101 221 122 242 128 0 135 129 105 201 196 143 118 214 108 184 228 101 
157 127 198 148 117 189 152 135 0 171 117 243 189 136 111 207 154 149 226 221 
104 223 173 244 214 183 195 129 171 0 217 164 159 236 182 177 124 249 195 142 
248 170 120 239 160 110 117 105 117 217 0 133 210 205 152 248 223 170 165 112 
195 145 114 186 136 207 213 201 243 164 133 0 180 126 121 198 145 140 236 211 
122 241 211 161 232 202 208 196 189 159 210 180 0 246 173 168 114 211 186 133 
117 236 138 108 179 148 155 143 136 236 205 126 246 0 142 239 214 161 107 102 
213 163 133 204 174 124 130 118 111 182 152 121 173 142 0 189 136 130 227 154 
160 110 229 199 101 220 125 214 207 177 248 198 168 239 189 0 105 202 177 123 
135 105 176 126 245 167 221 108 154 124 223 145 114 214 136 105 0 152 248 243 
232 201 151 222 192 142 197 184 149 249 170 140 211 161 130 202 152 0 218 164 
227 128 248 217 167 239 143 228 226 195 165 236 186 107 227 177 248 218 0 114 
153 123 194 164 114 185 138 101 221 142 112 211 133 102 154 123 243 164 114 0 

0 228 140 139 187 190 132 169 188 220 129 162 219 212 130 192 211 119 122 200 
228 0 153 172 230 152 145 202 222 144 189 207 124 128 185 213 226 168 211 223 
140 153 0 134 133 165 184 222 153 172 230 233 145 199 222 144 161 180 122 170 
139 172 134 0 203 222 130 134 191 133 132 164 183 241 163 156 214 122 155 187 
187 230 133 203 0 154 148 201 225 146 178 193 135 177 176 224 107 169 184 216 
190 152 165 222 154 0 207 128 160 160 237 159 149 190 209 151 189 198 120 178 
132 145 184 130 148 207 0 208 179 143 221 143 136 178 223 216 138 143 185 209 
169 202 222 134 201 128 208 0 212 215 224 142 165 207 216 134 218 176 136 227 
188 222 153 191 225 160 179 212 0 171 233 131 164 201 210 162 190 193 121 124 
220 144 172 133 146 160 143 215 171 0 142 183 177 114 172 175 207 102 164 206 
129 189 230 132 178 237 221 224 233 142 0 197 154 158 190 107 147 188 182 219 
162 207 233 164 193 159 143 142 131 183 197 0 172 200 203 170 198 202 114 132 
219 124 145 183 135 149 136 165 164 177 154 172 0 127 181 174 216 133 173 214 
212 128 199 241 177 190 178 207 201 114 158 200 127 0 198 136 155 187 228 218 
130 185 222 163 176 209 223 216 210 172 190 203 181 198 0 169 207 200 122 200 
192 213 144 156 224 151 216 134 162 175 107 170 174 136 169 0 244 166 171 213 
211 226 161 214 107 189 138 218 190 207 147 198 216 155 207 244 0 195 107 106 
119 168 180 122 169 198 143 176 193 102 188 202 133 187 200 166 195 0 150 192 
122 211 122 155 184 120 185 136 121 164 182 114 173 228 122 171 107 150 0 221 
200 223 170 187 216 178 209 227 124 206 219 132 214 218 200 213 106 192 221 0 

803 8 9 667
606 9 10 1015
761 10 11 622
992 10 11 871
582 11 12 989
881 11 12 858
592 11 12 927
990 12 13 976
702 12 13 1119
932 12 13 807
793 13 14 764
857 13 14 832
568 13 14 975
632 13 14 1043
677 14 15 1093
741 14 15 601
804 14 15 850
683 14 16 719
982 14 16 787
861 15 16 837
924 15 17 905
636 15 17 1048
699 15 17 1116
763 15 17 805
895 15 8 873
872 16 8 923
918 17 8 792

6653

11 984 27
16 958 26
17 941 25
18 915 30
14 890 49
2 875 28
1 849 43
19 766 33
6 691 32
9 666 31
12 600 26
3 582 45
15 533 44
7 516 29
4 499 49
8 491 48
5 458 37
10 409 42
13 384 41
0 0 0
