20 33 3

0 210 205 151 127 223 218 145 242 236 183 110 105 201 148 123 220 215 161 238 
210 0 155 101 246 193 120 115 211 206 133 229 224 171 248 243 189 164 111 208 
205 155 0 221 167 143 239 234 181 108 102 199 146 121 217 212 139 236 231 177 
151 101 221 0 117 214 209 155 131 227 174 149 246 192 187 114 109 205 152 127 
127 246 167 117 0 184 130 105 202 197 124 220 215 162 239 233 180 175 102 198 
223 193 143 214 184 0 230 177 171 248 243 190 136 112 208 155 150 227 221 168 
218 120 239 209 130 230 0 146 223 218 165 159 236 183 178 124 100 196 143 118 
145 115 234 155 105 177 146 0 193 139 134 211 206 152 249 224 171 117 243 189 
242 211 181 131 202 171 223 193 0 109 234 181 127 102 199 146 140 217 212 159 
236 206 108 227 197 248 218 139 109 0 155 150 227 174 169 115 192 187 133 128 
183 133 102 174 124 243 165 134 234 155 0 202 197 143 240 215 162 156 103 180 
110 229 199 149 220 190 159 211 181 150 202 0 118 113 190 136 131 228 203 149 
105 224 146 246 215 136 236 206 127 227 197 118 0 164 159 106 202 178 124 221 
201 171 121 192 162 112 183 152 102 174 143 113 164 0 231 225 152 249 244 190 
148 248 217 187 239 208 178 249 199 169 240 190 159 231 0 127 122 218 165 140 
123 243 212 114 233 155 124 224 146 115 215 136 106 225 127 0 193 168 115 110 
220 189 139 109 180 150 100 171 140 192 162 131 202 152 122 193 0 240 235 181 
215 164 236 205 175 227 196 117 217 187 156 228 178 249 218 168 240 0 156 131 
161 111 231 152 102 221 143 243 212 133 103 203 124 244 165 115 235 156 0 101 
238 208 177 127 198 168 118 189 159 128 180 149 221 190 140 110 181 131 101 0 

0 138 161 199 208 130 153 207 119 122 180 238 241 153 190 230 151 141 183 110 
138 0 190 222 132 173 221 224 132 135 213 131 124 166 124 123 155 174 236 154 
161 190 0 146 187 197 114 138 179 223 226 168 210 215 137 130 214 126 129 161 
199 222 146 0 207 128 152 190 199 121 183 188 110 172 171 219 222 143 201 220 
208 132 187 207 0 162 224 243 155 154 202 124 143 185 113 116 174 177 225 143 
130 173 197 128 162 0 128 165 189 126 116 157 219 238 156 188 191 145 148 180 
153 221 114 152 224 128 0 203 136 130 171 195 128 160 164 222 240 153 194 209 
207 224 138 190 243 165 203 0 174 212 205 143 136 204 116 135 167 234 124 165 
119 132 179 199 155 189 136 174 0 219 138 176 208 227 169 207 200 138 157 199 
122 135 223 121 154 126 130 212 219 0 190 184 147 179 182 214 148 171 213 207 
180 213 226 183 202 116 171 205 138 190 0 152 155 187 135 144 186 179 217 175 
238 131 168 188 124 157 195 143 176 184 152 0 227 230 158 196 219 141 150 188 
241 124 210 110 143 219 128 136 208 147 155 227 0 168 201 233 155 160 202 144 
153 166 215 172 185 238 160 204 227 179 187 230 168 0 127 147 204 116 116 148 
190 124 137 171 113 156 164 116 169 182 135 158 201 127 0 219 208 130 192 211 
230 123 130 219 116 188 222 135 207 214 144 196 233 147 219 0 164 183 211 214 
151 155 214 222 174 191 240 167 200 148 186 219 155 204 208 164 0 135 138 167 
141 174 126 143 177 145 153 234 138 171 179 141 160 116 130 183 135 0 181 220 
183 236 129 201 225 148 194 124 157 213 217 150 202 116 192 211 138 181 0 233 
110 154 161 220 143 180 209 165 199 207 175 188 144 148 211 214 167 220 233 0 

602 0 8 578
992 0 19 830
709 0 19 590
935 0 19 842
641 0 1 1081
867 0 1 765
974 1 2 885
691 1 2 569
617 2 3 1055
843 2 3 922
509 3 4 1041
735 3 4 1111
797 3 4 870
842 4 5 737
904 4 5 990
621 4 5 1059
994 5 6 907
875 5 6 774
937 5 6 1027
654 5 6 1096
699 6 7 578
762 6 7 648
824 6 7 900
608 6 8 969
670 6 8 1114
715 7 8 1089
777 7 19 848
1003 7 19 918
557 7 19 987
619 7 19 672
912 7 0 741
793 8 0 791
771 19 0 658

5205

17 927 48
1 835 43
6 767 42
3 752 41
16 726 36
7 660 35
13 652 34
11 568 23
10 528 38
18 477 47
9 459 36
19 436 31
4 393 21
15 368 20
12 353 39
5 335 34
8 319 23
14 310 32
2 284 27
0 0 0
