20 58 5

0 165 241 236 183 158 105 201 196 123 220 215 161 238 233 180 126 101 198 144 
165 0 211 158 104 229 176 123 248 194 141 136 213 159 154 101 178 173 119 216 
241 211 0 229 156 151 247 194 169 116 212 187 134 231 225 152 249 244 190 166 
236 158 229 0 227 222 169 245 240 187 134 109 205 152 127 224 170 165 242 189 
183 104 156 227 0 245 220 167 162 108 185 180 127 223 198 145 242 217 163 110 
158 229 151 222 245 0 141 238 185 160 106 203 198 125 221 216 163 240 235 181 
105 176 247 169 220 141 0 159 236 231 178 173 249 196 191 138 214 209 156 102 
201 123 194 245 167 238 159 0 158 152 249 224 171 117 112 189 136 131 227 154 
196 248 169 240 162 185 236 158 0 224 151 145 242 189 164 110 207 202 129 225 
123 194 116 187 108 160 231 152 224 0 222 217 163 240 235 182 128 103 200 147 
220 141 212 134 185 106 178 249 151 222 0 138 215 162 156 103 228 175 121 116 
215 136 187 109 180 203 173 224 145 217 138 0 185 131 126 203 149 144 241 168 
161 213 134 205 127 198 249 171 242 163 215 185 0 101 178 172 119 216 191 137 
238 159 231 152 223 125 196 117 189 240 162 131 101 0 147 244 219 165 112 107 
233 154 225 127 198 221 191 112 164 235 156 126 178 147 0 194 140 135 232 159 
180 101 152 224 145 216 138 189 110 182 103 203 172 244 194 0 110 206 182 128 
126 178 249 170 242 163 214 136 207 128 228 149 119 219 140 110 0 156 103 248 
101 173 244 165 217 240 209 131 202 103 175 144 216 165 135 206 156 0 222 169 
198 119 190 242 163 235 156 227 129 200 121 241 191 112 232 182 103 222 0 119 
144 216 166 189 110 181 102 154 225 147 116 168 137 107 159 128 248 169 119 0 

0 171 108 132 169 188 220 138 162 219 131 130 192 130 119 161 223 242 150 192 
171 0 152 184 225 141 182 214 109 171 213 206 140 172 205 237 171 164 206 144 
108 152 0 146 193 196 105 146 185 227 135 154 216 134 127 185 127 126 158 177 
132 184 146 0 146 149 181 118 108 179 221 226 148 180 199 137 169 172 130 168 
169 225 193 146 0 114 128 190 194 222 159 183 224 132 151 183 131 140 182 214 
188 141 196 149 114 0 205 113 154 194 235 143 146 224 142 135 177 115 134 176 
220 182 105 181 128 205 0 199 126 126 158 191 115 156 150 191 145 148 180 218 
138 214 146 118 190 113 199 0 178 202 119 129 191 232 232 159 201 221 142 190 
162 109 185 108 194 154 126 178 0 124 181 205 123 155 174 236 153 147 204 142 
219 171 227 179 222 194 126 202 124 0 134 137 169 132 126 167 200 244 156 198 
131 213 135 221 159 235 158 119 181 134 0 189 156 188 197 239 117 165 206 215 
130 206 154 226 183 143 191 129 205 137 189 0 172 214 207 141 203 206 118 171 
192 140 216 148 224 146 115 191 123 169 156 172 0 246 184 183 215 146 161 193 
130 172 134 180 132 224 156 232 155 132 188 214 246 0 207 129 134 196 238 231 
119 205 127 199 151 142 150 232 174 126 197 207 184 207 0 148 210 209 121 179 
161 237 185 137 183 135 191 159 236 167 239 141 183 129 148 0 223 135 154 212 
223 171 127 169 131 177 145 201 153 200 117 203 215 134 210 223 0 185 226 130 
242 164 126 172 140 115 148 221 147 244 165 206 146 196 209 135 185 0 140 182 
150 206 158 130 182 134 180 142 204 156 206 118 161 238 121 154 226 140 0 229 
192 144 177 168 214 176 218 190 142 198 215 171 193 231 179 212 130 182 229 0 

706 0 3 573
933 0 14 821
716 0 14 691
943 0 14 759
988 1 15 808
704 1 15 1057
767 1 15 820
829 1 16 888
546 1 16 956
773 1 16 646
818 2 17 695
880 2 17 764
1010 2 17 832
561 2 17 595
624 2 18 663
851 2 18 732
913 2 18 800
612 3 19 1029
675 3 19 719
804 3 19 787
520 3 19 929
583 3 0 997
645 3 0 1065
708 3 0 755
838 3 1 823
554 3 1 965
616 3 1 1033
661 14 1 1083
724 14 2 592
604 15 2 642
831 15 2 710
894 15 3 778
939 16 3 828
984 16 3 877
535 16 14 566
665 16 14 635
710 17 14 1063
773 17 15 752
1000 17 15 894
551 17 15 963
614 17 16 1031
659 18 16 1080
721 18 16 590
851 18 16 838
567 18 17 980
630 18 17 1048
692 18 17 1117
810 18 19 793
963 19 0 780
514 19 0 1028
741 19 0 612
804 19 0 680
866 19 1 748
996 19 1 996
547 19 1 1065
774 19 1 648
837 19 2 716
899 19 2 785

6391

17 976 46
9 935 31
11 910 35
10 861 44
7 844 49
6 835 48
5 760 26
3 686 21
2 660 40
19 645 39
18 643 35
8 577 24
15 551 23
4 528 42
16 493 37
13 485 26
12 470 25
1 361 30
14 294 29
0 0 0
