20 40 5

0 172 167 243 238 185 160 107 203 198 125 222 217 163 240 235 181 128 103 200 
172 0 218 213 160 106 231 178 173 100 196 191 138 215 210 156 103 228 175 121 
167 218 0 134 231 158 153 249 224 171 118 113 189 136 131 227 154 149 246 192 
243 213 134 0 133 229 224 171 247 242 189 136 111 207 154 149 226 172 167 114 
238 160 231 133 0 150 145 222 169 164 110 187 182 129 225 200 147 244 238 165 
185 106 158 229 150 0 168 143 240 235 162 108 103 200 127 122 218 165 140 237 
160 231 153 224 145 168 0 215 161 136 233 180 175 101 198 193 140 216 211 158 
107 178 249 171 222 143 215 0 233 208 154 101 226 173 119 114 191 138 133 229 
203 173 224 247 169 240 161 233 0 231 226 172 249 244 191 137 112 209 204 131 
198 100 171 242 164 235 136 208 231 0 147 224 219 165 112 237 184 130 105 202 
125 196 118 189 110 162 233 154 226 147 0 145 242 237 163 110 105 202 128 123 
222 191 113 136 187 108 180 101 172 224 145 0 163 138 235 181 176 103 200 195 
217 138 189 111 182 103 175 226 249 219 242 163 0 209 156 103 228 174 121 116 
163 215 136 207 129 200 101 173 244 165 237 138 209 0 227 154 149 246 192 167 
240 210 131 154 225 127 198 119 191 112 163 235 156 227 0 226 220 167 244 239 
235 156 227 149 200 122 193 114 137 237 110 181 103 154 226 0 243 219 165 112 
181 103 154 226 147 218 140 191 112 184 105 176 228 149 220 243 0 140 236 231 
128 228 149 172 244 165 216 138 209 130 202 103 174 246 167 219 140 0 158 104 
103 175 246 167 238 140 211 133 204 105 128 200 121 192 244 165 236 158 0 156 
200 121 192 114 165 237 158 229 131 202 123 195 116 167 239 112 231 104 156 0 

0 173 176 133 133 165 183 216 163 157 214 122 146 187 115 114 176 218 227 145 
173 0 144 137 179 241 136 168 161 245 157 160 192 155 149 191 223 117 180 221 
176 144 0 213 121 179 202 120 129 171 233 232 160 192 195 133 191 184 132 164 
133 137 213 0 213 125 125 187 124 114 155 217 236 144 186 209 143 175 168 210 
133 179 121 213 0 198 191 125 187 190 222 155 179 220 132 147 209 131 121 168 
165 241 179 125 198 0 182 191 113 132 190 222 225 163 220 214 126 194 203 125 
183 136 202 125 191 182 0 143 175 194 136 174 167 225 167 166 198 136 155 197 
216 168 120 187 125 191 143 0 132 137 179 241 139 168 209 233 166 198 201 143 
163 161 129 124 187 113 175 132 0 132 125 163 121 124 156 194 233 154 144 201 
157 245 171 114 190 132 194 137 132 0 197 125 128 186 228 117 155 217 236 148 
214 157 233 155 222 190 136 179 125 197 0 197 119 113 190 228 222 143 217 220 
122 160 232 217 155 222 174 241 163 125 197 0 186 201 113 154 174 231 143 167 
146 192 160 236 179 225 167 139 121 128 119 186 0 147 185 247 146 178 216 209 
187 155 192 144 220 163 225 168 124 186 113 201 147 0 131 189 208 130 162 181 
115 149 195 186 132 220 167 209 156 228 190 113 185 131 0 132 135 167 130 124 
114 191 133 209 147 214 166 233 194 117 228 154 247 189 132 0 116 135 197 238 
176 223 191 143 209 126 198 166 233 155 222 174 146 208 135 116 0 201 119 142 
218 117 184 175 131 194 136 198 154 217 143 231 178 130 167 135 201 0 186 227 
227 180 132 168 121 203 155 201 144 236 217 143 216 162 130 197 119 186 0 186 
145 221 164 210 168 125 197 143 201 148 220 167 209 181 124 238 142 227 186 0 

671 0 19 1090
535 0 19 958
924 0 19 826
568 0 1 1102
794 0 1 681
512 0 1 932
574 0 1 618
800 0 2 687
928 0 2 756
810 0 2 625
788 1 3 674
917 1 3 925
635 1 3 1068
697 1 4 573
741 2 4 623
804 2 4 873
521 2 5 942
910 2 5 811
973 2 5 1061
510 3 6 929
639 3 6 616
864 3 6 685
926 3 6 1010
988 3 7 1079
706 3 7 584
587 4 7 633
813 4 8 702
942 4 8 771
1004 4 8 1022
722 4 8 601
784 4 19 670
846 4 19 921
564 4 19 990
591 5 0 1020
636 6 0 1070
518 7 1 1120
562 8 1 1095
788 8 1 675
669 19 2 724
895 19 2 793

6167

8 911 20
12 863 49
17 830 35
2 787 34
16 762 23
13 738 22
18 736 37
11 721 27
19 713 46
7 696 45
6 647 30
4 629 20
15 563 39
5 538 28
14 431 44
10 429 43
3 371 32
1 362 31
9 337 46
0 0 0
