20 56 5

0 194 189 136 130 207 154 149 245 172 167 114 239 185 132 127 204 199 145 242 
194 0 159 105 182 177 123 118 195 142 137 233 208 155 102 227 173 168 115 192 
189 159 0 205 152 146 243 170 165 111 237 183 130 125 202 196 143 138 215 161 
136 105 205 0 121 246 193 188 134 211 206 153 249 225 171 118 113 189 184 131 
130 182 152 121 0 168 163 109 186 181 127 122 199 146 141 237 212 159 106 231 
207 177 146 246 168 0 234 209 156 102 247 174 169 115 212 187 134 129 205 152 
154 123 243 193 163 234 0 130 125 222 149 144 240 215 162 108 103 180 127 122 
149 118 170 188 109 209 130 0 196 172 118 215 190 137 131 228 155 150 246 241 
245 195 165 134 186 156 125 196 0 243 238 165 160 106 203 178 124 221 216 143 
172 142 111 211 181 102 222 172 243 0 188 134 129 226 153 147 244 191 166 112 
167 137 237 206 127 247 149 118 238 188 0 104 200 176 122 219 194 141 135 232 
114 233 183 153 122 174 144 215 165 134 104 0 150 247 242 169 164 110 207 182 
239 208 130 249 199 169 240 190 160 129 200 150 0 216 192 138 235 230 157 103 
185 155 125 225 146 115 215 137 106 226 176 247 216 0 113 108 204 131 126 223 
132 102 202 171 141 212 162 131 203 153 122 242 192 113 0 208 154 101 246 173 
127 227 196 118 237 187 108 228 178 147 219 169 138 108 208 0 124 220 196 142 
204 173 143 113 212 134 103 155 124 244 194 164 235 204 154 124 0 170 117 112 
199 168 138 189 159 129 180 150 221 191 141 110 230 131 101 220 170 0 237 183 
145 115 215 184 106 205 127 246 216 166 135 207 157 126 246 196 117 237 0 133 
242 192 161 131 231 152 122 241 143 112 232 182 103 223 173 142 112 183 133 0 

0 166 165 197 200 158 196 189 111 185 188 220 119 177 218 221 145 148 210 132 
166 0 182 240 178 171 213 212 170 211 201 123 162 203 232 130 162 192 224 161 
165 182 0 153 191 184 106 184 183 215 114 176 214 207 145 164 206 199 137 195 
197 240 153 0 229 127 155 159 221 154 148 189 101 146 178 220 213 177 170 212 
200 178 191 229 0 170 173 231 168 162 203 223 160 192 191 134 152 194 222 121 
158 171 184 127 170 0 125 144 176 244 117 174 194 236 148 167 195 198 156 193 
196 213 106 155 173 125 0 216 219 131 185 208 130 139 177 239 242 166 207 211 
189 212 184 159 231 144 216 0 171 190 222 140 149 191 214 132 180 183 125 124 
111 170 183 221 168 176 219 171 0 112 116 193 196 225 146 165 223 135 138 186 
185 211 215 154 162 244 131 190 112 0 169 207 200 122 205 199 120 152 167 229 
188 201 114 148 203 117 185 222 116 169 0 244 162 171 213 125 170 202 205 123 
220 123 176 189 223 174 208 140 193 207 244 0 185 103 126 184 187 215 137 176 
119 162 214 101 160 194 130 149 196 200 162 185 0 150 159 197 139 142 186 228 
177 203 207 146 192 236 139 191 225 122 171 103 150 0 211 235 153 200 203 145 
218 232 145 178 191 148 177 214 146 205 213 126 159 211 0 144 176 244 117 175 
221 130 164 220 134 167 239 132 165 199 125 184 197 235 144 0 219 131 150 208 
145 162 206 213 152 195 242 180 223 120 170 187 139 153 176 219 0 190 222 225 
148 192 199 177 194 198 166 183 135 152 202 215 142 200 244 131 190 0 116 178 
210 224 137 170 222 156 207 125 138 167 205 137 186 203 117 150 222 116 0 201 
132 161 195 212 121 193 211 124 186 229 123 176 228 145 175 208 225 178 201 0 

809 0 12 858
689 0 12 1104
984 0 12 974
615 2 13 1023
745 2 13 1091
972 2 13 783
523 2 14 1102
568 12 14 972
631 12 14 665
858 12 15 911
574 12 15 978
636 12 15 1046
517 13 15 1095
811 13 16 609
874 13 16 750
936 13 16 817
999 13 17 1063
879 13 17 934
924 14 17 805
987 14 18 1051
606 14 18 565
833 14 18 632
895 14 18 773
958 14 19 841
1020 14 19 1087
736 14 19 601
617 15 0 649
911 15 0 717
973 15 0 858
525 15 0 925
587 15 2 618
814 15 2 685
944 15 2 753
922 15 12 802
541 15 12 1048
603 15 12 635
648 16 13 1059
711 16 13 752
773 16 13 819
818 17 13 690
534 17 14 936
597 17 14 1004
727 17 14 1071
772 18 15 566
834 18 15 707
897 18 15 775
959 18 15 1021
511 18 16 1088
805 18 16 602
686 19 16 651
748 19 17 719
975 19 17 860
527 19 17 927
589 19 18 995
719 19 18 687
946 19 18 755

6566

16 971 45
2 963 44
5 945 43
4 937 38
3 871 28
1 805 36
13 762 26
12 747 21
7 713 40
8 655 39
11 638 34
17 589 23
18 587 22
9 572 41
14 538 27
15 497 26
6 388 45
10 371 30
19 305 49
0 0 0
