5 8 3

0 222 158 90 125 
222 0 104 139 242 
158 104 0 167 157 
90 139 167 0 167 
125 242 157 167 0 

0 113 163 240 181 
113 0 220 199 93 
163 220 0 167 185 
240 199 167 0 161 
181 93 185 161 0 

215 0 1 220
128 0 1 221
162 0 1 152
166 0 1 156
168 1 4 194
166 1 4 209
225 1 4 242
214 1 4 213

1527

0 0 0
1 839 23
2 947 21
3 593 40
4 404 39