5 17 4

0 120 173 114 247 
120 0 249 235 131 
173 249 0 226 203 
114 235 226 0 118 
247 131 203 118 0 

0 185 157 217 101 
185 0 104 101 175 
157 104 0 128 126 
217 101 128 0 201 
101 175 126 201 0 

151 0 1 172
220 0 1 172
145 0 1 181
204 0 1 108
175 0 1 177
138 0 4 133
198 0 4 117
213 0 4 209
180 1 4 181
243 1 4 111
241 1 4 124
204 1 4 201
219 1 4 186
166 1 4 155
260 1 4 140
161 1 4 166
177 1 4 136

1626

0 0 0
1 613 40
2 988 49
3 724 30
4 620 41