5 17 4

0 228 215 206 221 
228 0 116 123 209 
215 116 0 249 236 
206 123 249 0 244 
221 209 236 244 0 

0 119 131 163 136 
119 0 218 208 134 
131 218 0 124 128 
163 208 124 0 125 
136 134 128 125 0 

203 0 2 177
284 0 2 180
315 0 2 203
243 0 2 165
227 0 2 153
250 0 2 154
256 0 2 208
249 0 2 186
298 0 2 240
295 0 2 238
288 0 2 134
291 0 1 136
250 1 2 229
290 1 2 135
214 1 2 169
194 1 2 187
170 1 2 169

1742

0 0 0
1 503 46
2 818 34
3 869 35
4 823 45