5 20 5

0 115 173 168 246 
115 0 189 117 104 
173 189 0 153 172 
168 117 153 0 204 
246 104 172 204 0 

0 224 171 167 108 
224 0 162 207 233 
171 162 0 194 166 
167 207 194 0 137 
108 233 166 137 0 

237 0 3 285
180 0 3 149
193 0 3 146
210 0 3 279
204 0 3 179
238 0 3 217
184 0 3 211
237 0 3 254
216 0 3 211
242 0 3 242
192 3 4 250
222 3 4 286
130 3 4 284
218 3 4 157
232 3 4 173
198 3 4 201
180 3 4 218
139 3 4 188
153 3 4 167
151 3 4 165

1436

0 0 0
1 642 29
2 775 48
3 912 27
4 292 32