8 14 3

0 171 107 218 159 145 211 174 
171 0 123 122 144 143 187 186 
107 123 0 147 168 235 234 211 
218 122 147 0 229 206 205 182 
159 144 168 229 0 141 243 243 
145 143 235 206 141 0 157 89 
211 187 234 205 243 157 0 82 
174 186 211 182 243 89 82 0 

0 147 205 105 172 197 114 173 
147 0 189 205 183 179 148 149 
205 189 0 192 162 108 118 131 
105 205 192 0 104 115 125 163 
172 183 162 104 0 180 90 103 
197 179 108 115 180 0 165 239 
114 148 118 125 90 165 0 245 
173 149 131 163 103 239 245 0 

379 0 3 255
252 0 3 327
279 0 3 200
387 0 3 379
262 0 3 361
359 0 3 378
376 1 3 369
389 1 3 330
333 1 3 302
266 1 3 339
316 1 3 235
302 1 3 298
399 2 0 198
294 3 0 290

2103

0 0 0
1 597 29
2 338 43
3 799 34
4 722 22
5 491 46
6 605 22
7 395 49