8 32 4

0 172 81 89 97 150 91 166 
172 0 200 118 82 215 143 151 
81 200 0 219 227 213 154 242 
89 118 219 0 193 179 120 128 
97 82 227 193 0 154 118 126 
150 215 213 179 154 0 178 119 
91 143 154 120 118 178 0 193 
166 151 242 128 126 119 193 0 

0 148 241 211 222 162 229 157 
148 0 130 192 241 131 188 187 
241 130 0 118 108 142 161 108 
211 192 118 0 150 152 208 182 
222 241 108 150 0 187 195 204 
162 131 142 152 187 0 139 188 
229 188 161 208 195 139 0 127 
157 187 108 182 204 188 127 0 

179 0 6 335
250 0 6 414
313 0 6 259
183 0 6 386
229 0 6 227
189 0 6 423
227 0 6 356
282 1 6 219
261 1 6 279
226 1 6 223
309 1 6 385
265 1 6 244
303 1 6 321
296 1 6 323
307 6 7 383
335 6 7 356
251 6 7 323
228 6 7 340
275 6 7 222
195 6 7 412
304 6 7 288
243 6 7 313
284 7 0 223
259 7 0 293
252 7 0 313
249 7 0 217
232 7 0 225
297 7 0 313
289 7 0 332
269 7 0 363
338 7 0 251
182 7 0 224

2526

0 0 0
1 340 27
2 657 27
3 276 28
4 934 42
5 692 29
6 996 40
7 888 45