8 56 5

0 182 95 202 143 240 110 185 
182 0 164 181 220 161 147 110 
95 164 0 214 200 163 216 246 
202 181 214 0 238 201 231 168 
143 220 200 238 0 82 238 166 
240 161 163 201 82 0 245 83 
110 147 216 231 238 245 0 170 
185 110 246 168 166 83 170 0 

0 147 232 123 190 118 206 152 
147 0 156 135 130 165 174 221 
232 156 0 108 128 155 130 98 
123 135 108 0 119 141 100 148 
190 130 128 119 0 221 118 165 
118 165 155 141 221 0 84 231 
206 174 130 100 118 84 0 173 
152 221 98 148 165 231 173 0 

278 0 3 325
382 0 3 259
309 0 3 339
242 0 3 200
390 0 3 302
255 0 3 263
309 0 3 225
280 0 3 361
224 0 3 348
366 0 3 344
264 0 3 197
266 0 3 223
330 0 3 285
275 0 3 281
375 0 3 253
258 0 3 290
379 0 3 282
337 1 3 341
313 1 3 219
200 1 3 300
322 1 3 302
392 1 3 204
310 1 3 300
229 1 3 202
298 1 3 254
342 1 3 345
307 1 3 313
325 1 3 255
238 1 3 361
230 1 3 239
378 1 3 191
302 1 3 208
267 1 3 339
378 1 3 305
364 1 3 367
287 2 3 194
383 2 3 360
348 2 3 327
256 2 3 239
336 2 3 276
271 2 3 228
236 2 3 359
228 2 3 351
386 2 3 238
299 2 3 240
260 2 0 267
381 2 0 358
258 2 0 201
312 2 0 342
298 2 0 224
388 2 0 325
245 2 0 342
210 2 0 245
352 2 0 356
297 2 0 362
371 3 0 194

2568

0 0 0
1 547 39
2 719 44
3 950 47
4 506 46
5 809 44
6 526 24
7 787 26