8 41 5

0 239 206 186 236 157 207 128 
239 0 153 145 116 127 249 201 
206 153 0 206 198 170 181 153 
186 145 206 0 220 231 164 175 
236 116 198 220 0 214 166 178 
157 127 170 231 214 0 240 192 
207 249 181 164 166 240 0 116 
128 201 153 175 178 192 116 0 

0 120 136 165 111 195 163 213 
120 0 178 193 220 220 127 140 
136 178 0 160 141 172 176 207 
165 193 160 0 139 139 175 167 
111 220 141 139 0 142 181 163 
195 220 172 139 142 0 124 175 
163 127 176 175 181 124 0 227 
213 140 207 167 163 175 227 0 

465 0 5 307
373 0 5 444
282 0 5 298
247 0 5 235
460 0 5 380
246 0 5 400
366 0 5 231
424 5 6 316
403 5 6 325
257 5 6 351
377 5 6 300
386 5 6 339
395 5 6 318
281 5 6 432
307 6 7 429
285 6 7 242
436 6 7 328
291 6 7 442
411 6 7 303
296 6 7 359
355 6 7 445
413 6 7 335
330 6 7 420
419 6 7 282
243 6 7 337
345 7 0 269
384 7 0 307
424 7 0 375
371 7 0 236
257 7 0 410
315 7 0 242
294 7 0 356
321 7 0 247
288 7 0 422
321 7 0 259
274 7 0 350
444 7 0 346
335 7 0 243
430 7 0 275
384 7 0 436
306 7 0 333

2148

0 0 0
1 626 47
2 483 38
3 364 21
4 497 43
5 666 26
6 448 36
7 898 23